MEME version 5.0.0

Alphabet= ACDEFGHIKLMNPQRSTVWY

Background letter frequencies
A 0.021431 C 0.017855 D 0.065871 E 0.071316 F 0.041731 G 0.029453 H 0.025628 I 0.092068 K 0.115171 L 0.075017 M 0.022358 N 0.145939 P 0.019263 Q 0.028556 R 0.026585 S 0.062549 T 0.040103 V 0.038381 W 0.005197 Y 0.055527 

MOTIF XXXXXX_S79.9_DXDXXX
letter-probability matrix: alength= 20 w= 13 nsites= 90 E= 1.8e-023
0.033333	0.000000	0.111111	0.111111	0.022222	0.011111	0.033333	0.044444	0.222222	0.022222	0.033333	0.111111	0.033333	0.000000	0.033333	0.044444	0.055556	0.011111	0.000000	0.066667	
0.000000	0.000000	0.077778	0.111111	0.066667	0.044444	0.000000	0.088889	0.188889	0.055556	0.000000	0.166667	0.011111	0.000000	0.022222	0.066667	0.033333	0.055556	0.000000	0.011111	
0.022222	0.000000	0.122222	0.066667	0.044444	0.022222	0.033333	0.066667	0.188889	0.055556	0.022222	0.144444	0.011111	0.000000	0.033333	0.066667	0.033333	0.033333	0.000000	0.033333	
0.011111	0.000000	0.122222	0.088889	0.044444	0.033333	0.055556	0.055556	0.100000	0.044444	0.033333	0.188889	0.022222	0.022222	0.022222	0.055556	0.033333	0.022222	0.011111	0.033333	
0.022222	0.000000	0.133333	0.077778	0.022222	0.033333	0.022222	0.088889	0.100000	0.066667	0.000000	0.244444	0.000000	0.011111	0.011111	0.022222	0.033333	0.011111	0.011111	0.088889	
0.022222	0.000000	0.177778	0.100000	0.033333	0.022222	0.033333	0.055556	0.055556	0.100000	0.044444	0.122222	0.000000	0.033333	0.011111	0.055556	0.066667	0.022222	0.000000	0.044444	
0.000000	0.000000	0.000000	0.000000	0.000000	0.000000	0.000000	0.000000	0.000000	0.000000	0.000000	0.000000	0.000000	0.000000	0.000000	1.000000	0.000000	0.000000	0.000000	0.000000	
0.000000	0.000000	1.000000	0.000000	0.000000	0.000000	0.000000	0.000000	0.000000	0.000000	0.000000	0.000000	0.000000	0.000000	0.000000	0.000000	0.000000	0.000000	0.000000	0.000000	
0.044444	0.000000	0.277778	0.133333	0.022222	0.033333	0.033333	0.044444	0.044444	0.044444	0.011111	0.166667	0.000000	0.000000	0.022222	0.022222	0.022222	0.044444	0.000000	0.033333	
0.000000	0.000000	1.000000	0.000000	0.000000	0.000000	0.000000	0.000000	0.000000	0.000000	0.000000	0.000000	0.000000	0.000000	0.000000	0.000000	0.000000	0.000000	0.000000	0.000000	
0.011236	0.000000	0.123596	0.134831	0.011236	0.011236	0.011236	0.134831	0.089888	0.078652	0.033708	0.134831	0.000000	0.044944	0.011236	0.067416	0.022472	0.033708	0.000000	0.044944	
0.022472	0.011236	0.112360	0.089888	0.011236	0.022472	0.011236	0.044944	0.157303	0.044944	0.022472	0.213483	0.000000	0.000000	0.033708	0.078652	0.011236	0.022472	0.011236	0.078652	
0.000000	0.011236	0.101124	0.112360	0.000000	0.022472	0.000000	0.067416	0.134831	0.000000	0.033708	0.213483	0.000000	0.044944	0.033708	0.134831	0.044944	0.033708	0.000000	0.011236	

MOTIF XXXXXX_S79.9_XDEXXX
letter-probability matrix: alength= 20 w= 13 nsites= 115 E= 1.6e-023
0.000000	0.008696	0.034783	0.121739	0.043478	0.017391	0.017391	0.078261	0.156522	0.043478	0.026087	0.156522	0.017391	0.034783	0.052174	0.043478	0.034783	0.052174	0.008696	0.052174	
0.017391	0.000000	0.113043	0.060870	0.017391	0.026087	0.008696	0.121739	0.165217	0.069565	0.026087	0.147826	0.034783	0.017391	0.017391	0.060870	0.034783	0.017391	0.000000	0.043478	
0.000000	0.000000	0.121739	0.121739	0.026087	0.034783	0.034783	0.034783	0.130435	0.043478	0.017391	0.139130	0.008696	0.034783	0.069565	0.060870	0.069565	0.026087	0.000000	0.026087	
0.026087	0.000000	0.086957	0.078261	0.026087	0.052174	0.026087	0.060870	0.078261	0.043478	0.026087	0.147826	0.017391	0.026087	0.034783	0.113043	0.069565	0.060870	0.000000	0.026087	
0.008696	0.000000	0.104348	0.086957	0.008696	0.043478	0.034783	0.086957	0.060870	0.069565	0.008696	0.208696	0.008696	0.026087	0.034783	0.078261	0.026087	0.017391	0.000000	0.086957	
0.008696	0.000000	0.113043	0.130435	0.034783	0.026087	0.043478	0.113043	0.086957	0.052174	0.026087	0.121739	0.008696	0.008696	0.017391	0.078261	0.034783	0.060870	0.000000	0.034783	
0.000000	0.000000	0.000000	0.000000	0.000000	0.000000	0.000000	0.000000	0.000000	0.000000	0.000000	0.000000	0.000000	0.000000	0.000000	1.000000	0.000000	0.000000	0.000000	0.000000	
0.043478	0.000000	0.252174	0.095652	0.008696	0.043478	0.017391	0.026087	0.017391	0.043478	0.026087	0.165217	0.008696	0.026087	0.000000	0.121739	0.043478	0.026087	0.000000	0.034783	
0.000000	0.000000	1.000000	0.000000	0.000000	0.000000	0.000000	0.000000	0.000000	0.000000	0.000000	0.000000	0.000000	0.000000	0.000000	0.000000	0.000000	0.000000	0.000000	0.000000	
0.000000	0.000000	0.000000	1.000000	0.000000	0.000000	0.000000	0.000000	0.000000	0.000000	0.000000	0.000000	0.000000	0.000000	0.000000	0.000000	0.000000	0.000000	0.000000	0.000000	
0.017391	0.000000	0.052174	0.173913	0.043478	0.017391	0.043478	0.095652	0.156522	0.043478	0.017391	0.147826	0.017391	0.034783	0.034783	0.043478	0.000000	0.034783	0.000000	0.026087	
0.017544	0.000000	0.131579	0.105263	0.052632	0.026316	0.000000	0.052632	0.175439	0.061404	0.026316	0.122807	0.000000	0.017544	0.035088	0.052632	0.008772	0.026316	0.000000	0.087719	
0.035088	0.000000	0.105263	0.105263	0.026316	0.000000	0.026316	0.035088	0.175439	0.035088	0.035088	0.192982	0.000000	0.035088	0.035088	0.078947	0.035088	0.017544	0.000000	0.026316	

MOTIF XXXXXX_S79.9_XEXXXK
letter-probability matrix: alength= 20 w= 13 nsites= 90 E= 6.4e-016
0.044444	0.011111	0.077778	0.166667	0.022222	0.022222	0.011111	0.044444	0.155556	0.066667	0.000000	0.155556	0.022222	0.022222	0.066667	0.055556	0.044444	0.000000	0.000000	0.011111	
0.011111	0.000000	0.077778	0.088889	0.044444	0.033333	0.011111	0.055556	0.055556	0.088889	0.022222	0.133333	0.022222	0.044444	0.044444	0.077778	0.066667	0.055556	0.000000	0.066667	
0.022222	0.000000	0.122222	0.122222	0.033333	0.011111	0.022222	0.122222	0.111111	0.044444	0.000000	0.077778	0.011111	0.022222	0.000000	0.144444	0.055556	0.033333	0.000000	0.044444	
0.022222	0.000000	0.111111	0.055556	0.044444	0.011111	0.033333	0.066667	0.100000	0.122222	0.011111	0.111111	0.000000	0.033333	0.055556	0.077778	0.044444	0.033333	0.000000	0.066667	
0.022222	0.000000	0.066667	0.044444	0.022222	0.055556	0.033333	0.100000	0.033333	0.100000	0.033333	0.177778	0.000000	0.033333	0.033333	0.111111	0.022222	0.077778	0.000000	0.033333	
0.033333	0.000000	0.066667	0.077778	0.033333	0.044444	0.022222	0.077778	0.055556	0.066667	0.000000	0.144444	0.022222	0.022222	0.044444	0.177778	0.033333	0.055556	0.000000	0.022222	
0.000000	0.000000	0.000000	0.000000	0.000000	0.000000	0.000000	0.000000	0.000000	0.000000	0.000000	0.000000	0.000000	0.000000	0.000000	1.000000	0.000000	0.000000	0.000000	0.000000	
0.000000	0.000000	0.166667	0.100000	0.033333	0.033333	0.011111	0.055556	0.066667	0.077778	0.022222	0.166667	0.022222	0.033333	0.011111	0.077778	0.022222	0.044444	0.000000	0.055556	
0.000000	0.000000	0.000000	1.000000	0.000000	0.000000	0.000000	0.000000	0.000000	0.000000	0.000000	0.000000	0.000000	0.000000	0.000000	0.000000	0.000000	0.000000	0.000000	0.000000	
0.000000	0.000000	0.088889	0.288889	0.011111	0.044444	0.055556	0.044444	0.044444	0.044444	0.011111	0.144444	0.011111	0.033333	0.022222	0.066667	0.011111	0.033333	0.011111	0.033333	
0.011111	0.000000	0.088889	0.122222	0.022222	0.011111	0.022222	0.055556	0.066667	0.088889	0.022222	0.177778	0.011111	0.011111	0.055556	0.077778	0.022222	0.066667	0.000000	0.066667	
0.033333	0.000000	0.077778	0.166667	0.011111	0.022222	0.011111	0.088889	0.144444	0.022222	0.044444	0.200000	0.000000	0.033333	0.033333	0.044444	0.022222	0.022222	0.000000	0.022222	
0.000000	0.000000	0.000000	0.000000	0.000000	0.000000	0.000000	0.000000	1.000000	0.000000	0.000000	0.000000	0.000000	0.000000	0.000000	0.000000	0.000000	0.000000	0.000000	0.000000	

MOTIF XXXXDX_S79.9_DXXXXX
letter-probability matrix: alength= 20 w= 13 nsites= 63 E= 8.8e-016
0.031746	0.000000	0.079365	0.095238	0.047619	0.047619	0.015873	0.095238	0.174603	0.079365	0.015873	0.142857	0.000000	0.015873	0.031746	0.047619	0.000000	0.031746	0.000000	0.047619	
0.000000	0.000000	0.126984	0.111111	0.015873	0.015873	0.015873	0.095238	0.095238	0.015873	0.063492	0.158730	0.015873	0.015873	0.015873	0.047619	0.063492	0.015873	0.015873	0.095238	
0.015873	0.000000	0.095238	0.174603	0.031746	0.031746	0.000000	0.047619	0.158730	0.079365	0.000000	0.095238	0.015873	0.047619	0.000000	0.047619	0.015873	0.079365	0.000000	0.063492	
0.015873	0.000000	0.142857	0.063492	0.000000	0.000000	0.015873	0.015873	0.047619	0.063492	0.031746	0.174603	0.000000	0.047619	0.031746	0.253968	0.015873	0.063492	0.000000	0.015873	
0.000000	0.000000	1.000000	0.000000	0.000000	0.000000	0.000000	0.000000	0.000000	0.000000	0.000000	0.000000	0.000000	0.000000	0.000000	0.000000	0.000000	0.000000	0.000000	0.000000	
0.015873	0.000000	0.174603	0.095238	0.031746	0.031746	0.079365	0.063492	0.047619	0.079365	0.047619	0.142857	0.000000	0.015873	0.000000	0.095238	0.015873	0.047619	0.000000	0.015873	
0.000000	0.000000	0.000000	0.000000	0.000000	0.000000	0.000000	0.000000	0.000000	0.000000	0.000000	0.000000	0.000000	0.000000	0.000000	1.000000	0.000000	0.000000	0.000000	0.000000	
0.000000	0.000000	1.000000	0.000000	0.000000	0.000000	0.000000	0.000000	0.000000	0.000000	0.000000	0.000000	0.000000	0.000000	0.000000	0.000000	0.000000	0.000000	0.000000	0.000000	
0.015873	0.000000	0.206349	0.126984	0.015873	0.015873	0.095238	0.111111	0.047619	0.031746	0.000000	0.126984	0.000000	0.015873	0.015873	0.047619	0.015873	0.047619	0.000000	0.063492	
0.015873	0.000000	0.000000	0.158730	0.031746	0.031746	0.047619	0.095238	0.015873	0.079365	0.000000	0.222222	0.000000	0.015873	0.000000	0.142857	0.047619	0.063492	0.000000	0.031746	
0.015873	0.000000	0.142857	0.095238	0.031746	0.000000	0.063492	0.047619	0.174603	0.031746	0.047619	0.190476	0.015873	0.000000	0.031746	0.047619	0.015873	0.015873	0.000000	0.031746	
0.031746	0.000000	0.095238	0.190476	0.015873	0.000000	0.015873	0.031746	0.158730	0.063492	0.000000	0.174603	0.000000	0.015873	0.015873	0.063492	0.063492	0.015873	0.000000	0.047619	
0.015873	0.000000	0.142857	0.174603	0.015873	0.000000	0.000000	0.111111	0.174603	0.015873	0.000000	0.079365	0.015873	0.015873	0.031746	0.063492	0.047619	0.031746	0.015873	0.047619	

MOTIF XDXXXX_S79.9_XDXXXX
letter-probability matrix: alength= 20 w= 13 nsites= 50 E= 1.5e-009
0.000000	0.000000	0.220000	0.060000	0.000000	0.020000	0.060000	0.060000	0.080000	0.060000	0.000000	0.140000	0.000000	0.000000	0.020000	0.120000	0.020000	0.020000	0.000000	0.120000	
0.000000	0.000000	1.000000	0.000000	0.000000	0.000000	0.000000	0.000000	0.000000	0.000000	0.000000	0.000000	0.000000	0.000000	0.000000	0.000000	0.000000	0.000000	0.000000	0.000000	
0.040000	0.000000	0.180000	0.080000	0.000000	0.040000	0.040000	0.040000	0.140000	0.000000	0.040000	0.140000	0.000000	0.040000	0.020000	0.080000	0.040000	0.000000	0.000000	0.080000	
0.040000	0.000000	0.200000	0.000000	0.020000	0.040000	0.060000	0.020000	0.100000	0.080000	0.020000	0.140000	0.000000	0.020000	0.060000	0.120000	0.020000	0.020000	0.000000	0.040000	
0.020000	0.020000	0.080000	0.040000	0.080000	0.000000	0.000000	0.080000	0.100000	0.100000	0.020000	0.340000	0.000000	0.020000	0.040000	0.020000	0.020000	0.020000	0.000000	0.000000	
0.040000	0.000000	0.140000	0.040000	0.000000	0.040000	0.020000	0.080000	0.080000	0.040000	0.020000	0.240000	0.000000	0.020000	0.000000	0.060000	0.000000	0.120000	0.000000	0.060000	
0.000000	0.000000	0.000000	0.000000	0.000000	0.000000	0.000000	0.000000	0.000000	0.000000	0.000000	0.000000	0.000000	0.000000	0.000000	1.000000	0.000000	0.000000	0.000000	0.000000	
0.000000	0.000000	0.160000	0.080000	0.040000	0.060000	0.020000	0.040000	0.000000	0.040000	0.040000	0.240000	0.020000	0.000000	0.000000	0.040000	0.040000	0.120000	0.000000	0.060000	
0.000000	0.000000	1.000000	0.000000	0.000000	0.000000	0.000000	0.000000	0.000000	0.000000	0.000000	0.000000	0.000000	0.000000	0.000000	0.000000	0.000000	0.000000	0.000000	0.000000	
0.040000	0.000000	0.160000	0.000000	0.020000	0.040000	0.020000	0.100000	0.160000	0.060000	0.000000	0.200000	0.000000	0.020000	0.040000	0.060000	0.020000	0.040000	0.000000	0.020000	
0.020000	0.000000	0.080000	0.120000	0.060000	0.040000	0.000000	0.120000	0.160000	0.060000	0.000000	0.160000	0.020000	0.000000	0.020000	0.020000	0.000000	0.060000	0.000000	0.060000	
0.000000	0.000000	0.080000	0.080000	0.060000	0.040000	0.000000	0.080000	0.240000	0.020000	0.000000	0.100000	0.000000	0.060000	0.000000	0.040000	0.060000	0.060000	0.000000	0.080000	
0.000000	0.020000	0.140000	0.140000	0.040000	0.000000	0.020000	0.060000	0.200000	0.040000	0.020000	0.060000	0.000000	0.020000	0.020000	0.120000	0.060000	0.000000	0.000000	0.040000	

MOTIF XXXXXN_S79.9_XEXXXX
letter-probability matrix: alength= 20 w= 13 nsites= 59 E= 2.8e-011
0.000000	0.000000	0.033898	0.084746	0.016949	0.016949	0.016949	0.118644	0.220339	0.067797	0.050847	0.186441	0.016949	0.000000	0.016949	0.101695	0.033898	0.016949	0.000000	0.000000	
0.033898	0.016949	0.067797	0.084746	0.033898	0.016949	0.000000	0.101695	0.050847	0.101695	0.000000	0.169492	0.016949	0.000000	0.033898	0.101695	0.084746	0.016949	0.000000	0.067797	
0.016949	0.000000	0.067797	0.067797	0.000000	0.000000	0.067797	0.016949	0.084746	0.050847	0.016949	0.152542	0.000000	0.016949	0.135593	0.101695	0.084746	0.067797	0.000000	0.050847	
0.016949	0.000000	0.118644	0.067797	0.101695	0.050847	0.084746	0.067797	0.067797	0.050847	0.016949	0.118644	0.016949	0.033898	0.000000	0.135593	0.016949	0.016949	0.016949	0.000000	
0.000000	0.000000	0.101695	0.067797	0.050847	0.016949	0.000000	0.101695	0.067797	0.067797	0.084746	0.186441	0.033898	0.016949	0.000000	0.101695	0.033898	0.016949	0.000000	0.050847	
0.000000	0.000000	0.000000	0.000000	0.000000	0.000000	0.000000	0.000000	0.000000	0.000000	0.000000	1.000000	0.000000	0.000000	0.000000	0.000000	0.000000	0.000000	0.000000	0.000000	
0.000000	0.000000	0.000000	0.000000	0.000000	0.000000	0.000000	0.000000	0.000000	0.000000	0.000000	0.000000	0.000000	0.000000	0.000000	1.000000	0.000000	0.000000	0.000000	0.000000	
0.016949	0.000000	0.101695	0.186441	0.067797	0.050847	0.000000	0.016949	0.033898	0.050847	0.016949	0.203390	0.000000	0.016949	0.000000	0.101695	0.000000	0.084746	0.000000	0.050847	
0.000000	0.000000	0.000000	1.000000	0.000000	0.000000	0.000000	0.000000	0.000000	0.000000	0.000000	0.000000	0.000000	0.000000	0.000000	0.000000	0.000000	0.000000	0.000000	0.000000	
0.000000	0.000000	0.050847	0.203390	0.033898	0.016949	0.033898	0.033898	0.169492	0.050847	0.000000	0.271186	0.016949	0.000000	0.050847	0.033898	0.000000	0.016949	0.000000	0.016949	
0.000000	0.000000	0.067797	0.101695	0.000000	0.033898	0.033898	0.101695	0.118644	0.101695	0.067797	0.152542	0.000000	0.000000	0.050847	0.084746	0.033898	0.033898	0.000000	0.016949	
0.033898	0.000000	0.067797	0.084746	0.016949	0.000000	0.016949	0.084746	0.118644	0.016949	0.016949	0.271186	0.000000	0.033898	0.050847	0.067797	0.033898	0.016949	0.000000	0.067797	
0.000000	0.000000	0.118644	0.118644	0.000000	0.016949	0.000000	0.101695	0.000000	0.050847	0.050847	0.118644	0.016949	0.016949	0.084746	0.118644	0.084746	0.033898	0.000000	0.067797	

MOTIF XXXXXX_S79.9_DXXXXX
letter-probability matrix: alength= 20 w= 13 nsites= 341 E= 6.6e-029
0.017647	0.002941	0.091176	0.073529	0.014706	0.017647	0.020588	0.082353	0.164706	0.064706	0.011765	0.167647	0.017647	0.029412	0.029412	0.064706	0.047059	0.050000	0.002941	0.029412	
0.023529	0.002941	0.085294	0.097059	0.058824	0.035294	0.026471	0.076471	0.132353	0.052941	0.002941	0.152941	0.014706	0.032353	0.023529	0.064706	0.032353	0.035294	0.000000	0.050000	
0.011730	0.000000	0.131965	0.076246	0.014663	0.020528	0.035191	0.055718	0.164223	0.052786	0.014663	0.152493	0.008798	0.029326	0.026393	0.093842	0.026393	0.023460	0.000000	0.061584	
0.011730	0.000000	0.134897	0.114370	0.017595	0.020528	0.041056	0.076246	0.123167	0.041056	0.002933	0.146628	0.011730	0.029326	0.023460	0.105572	0.032258	0.038123	0.005865	0.023460	
0.023460	0.000000	0.000000	0.096774	0.032258	0.017595	0.011730	0.143695	0.052786	0.049853	0.035191	0.202346	0.008798	0.026393	0.038123	0.058651	0.041056	0.043988	0.005865	0.111437	
0.014663	0.002933	0.111437	0.085044	0.032258	0.041056	0.032258	0.070381	0.061584	0.105572	0.014663	0.167155	0.011730	0.023460	0.020528	0.111437	0.020528	0.041056	0.000000	0.032258	
0.000000	0.000000	0.000000	0.000000	0.000000	0.000000	0.000000	0.000000	0.000000	0.000000	0.000000	0.000000	0.000000	0.000000	0.000000	1.000000	0.000000	0.000000	0.000000	0.000000	
0.000000	0.000000	1.000000	0.000000	0.000000	0.000000	0.000000	0.000000	0.000000	0.000000	0.000000	0.000000	0.000000	0.000000	0.000000	0.000000	0.000000	0.000000	0.000000	0.000000	
0.020588	0.000000	0.123529	0.117647	0.011765	0.038235	0.026471	0.097059	0.079412	0.035294	0.017647	0.170588	0.008824	0.020588	0.032353	0.067647	0.020588	0.070588	0.000000	0.041176	
0.023599	0.002950	0.000000	0.153392	0.020649	0.044248	0.029499	0.067847	0.070796	0.073746	0.023599	0.156342	0.014749	0.029499	0.020649	0.153392	0.041298	0.023599	0.000000	0.050147	
0.011869	0.002967	0.115727	0.097923	0.020772	0.014837	0.008902	0.068249	0.139466	0.056380	0.008902	0.195846	0.008902	0.029674	0.026706	0.100890	0.032641	0.017804	0.002967	0.038576	
0.032641	0.000000	0.106825	0.118694	0.020772	0.026706	0.029674	0.062315	0.130564	0.026706	0.020772	0.160237	0.008902	0.020772	0.041543	0.071217	0.047478	0.041543	0.000000	0.032641	
0.011869	0.000000	0.145401	0.139466	0.011869	0.011869	0.029674	0.062315	0.142433	0.044510	0.029674	0.130564	0.002967	0.017804	0.038576	0.062315	0.038576	0.035608	0.002967	0.041543	

MOTIF KXXXXX_S79.9_XDXXXX
letter-probability matrix: alength= 20 w= 13 nsites= 62 E= 4.4e-011
0.000000	0.000000	0.000000	0.000000	0.000000	0.000000	0.000000	0.000000	1.000000	0.000000	0.000000	0.000000	0.000000	0.000000	0.000000	0.000000	0.000000	0.000000	0.000000	0.000000	
0.016129	0.016129	0.000000	0.129032	0.000000	0.000000	0.016129	0.129032	0.177419	0.080645	0.048387	0.145161	0.016129	0.016129	0.016129	0.096774	0.016129	0.032258	0.000000	0.048387	
0.016129	0.016129	0.048387	0.129032	0.064516	0.048387	0.016129	0.064516	0.129032	0.080645	0.000000	0.096774	0.016129	0.032258	0.048387	0.080645	0.032258	0.032258	0.000000	0.048387	
0.000000	0.000000	0.064516	0.064516	0.016129	0.048387	0.048387	0.080645	0.080645	0.112903	0.032258	0.080645	0.016129	0.016129	0.080645	0.161290	0.016129	0.048387	0.000000	0.032258	
0.000000	0.000000	0.064516	0.112903	0.064516	0.016129	0.016129	0.145161	0.032258	0.080645	0.000000	0.241935	0.032258	0.016129	0.016129	0.016129	0.032258	0.048387	0.000000	0.064516	
0.016129	0.000000	0.048387	0.112903	0.064516	0.000000	0.032258	0.112903	0.080645	0.064516	0.016129	0.096774	0.032258	0.064516	0.048387	0.129032	0.048387	0.000000	0.000000	0.032258	
0.000000	0.000000	0.000000	0.000000	0.000000	0.000000	0.000000	0.000000	0.000000	0.000000	0.000000	0.000000	0.000000	0.000000	0.000000	1.000000	0.000000	0.000000	0.000000	0.000000	
0.000000	0.000000	0.000000	0.193548	0.064516	0.048387	0.000000	0.048387	0.064516	0.112903	0.016129	0.274194	0.000000	0.000000	0.016129	0.080645	0.032258	0.032258	0.000000	0.016129	
0.000000	0.000000	1.000000	0.000000	0.000000	0.000000	0.000000	0.000000	0.000000	0.000000	0.000000	0.000000	0.000000	0.000000	0.000000	0.000000	0.000000	0.000000	0.000000	0.000000	
0.016129	0.000000	0.161290	0.000000	0.016129	0.048387	0.032258	0.145161	0.064516	0.064516	0.048387	0.129032	0.000000	0.016129	0.016129	0.080645	0.080645	0.064516	0.000000	0.016129	
0.000000	0.000000	0.096774	0.096774	0.016129	0.000000	0.016129	0.080645	0.080645	0.112903	0.000000	0.193548	0.016129	0.032258	0.080645	0.016129	0.064516	0.048387	0.000000	0.048387	
0.016129	0.000000	0.112903	0.080645	0.000000	0.000000	0.000000	0.048387	0.177419	0.080645	0.032258	0.096774	0.000000	0.032258	0.032258	0.129032	0.048387	0.064516	0.000000	0.048387	
0.000000	0.016129	0.064516	0.048387	0.080645	0.016129	0.000000	0.096774	0.177419	0.032258	0.000000	0.193548	0.032258	0.000000	0.064516	0.032258	0.064516	0.000000	0.000000	0.080645	

MOTIF XXXXXX_S79.9_XEXXXX
letter-probability matrix: alength= 20 w= 13 nsites= 279 E= 2.2e-023
0.017986	0.003597	0.068345	0.089928	0.025180	0.025180	0.010791	0.046763	0.122302	0.089928	0.021583	0.143885	0.017986	0.032374	0.071942	0.086331	0.025180	0.057554	0.000000	0.043165	
0.007194	0.007194	0.115108	0.082734	0.035971	0.021583	0.028777	0.053957	0.183453	0.075540	0.014388	0.151079	0.007194	0.025180	0.035971	0.050360	0.039568	0.028777	0.007194	0.028777	
0.021505	0.003584	0.103943	0.118280	0.007168	0.025090	0.021505	0.060932	0.179211	0.075269	0.025090	0.103943	0.014337	0.057348	0.025090	0.057348	0.025090	0.043011	0.000000	0.032258	
0.014337	0.000000	0.082437	0.114695	0.021505	0.032258	0.017921	0.093190	0.146953	0.071685	0.014337	0.143369	0.003584	0.028674	0.039427	0.089606	0.025090	0.043011	0.003584	0.014337	
0.025090	0.000000	0.103943	0.075269	0.028674	0.000000	0.028674	0.078853	0.050179	0.075269	0.035842	0.172043	0.014337	0.053763	0.039427	0.086022	0.060932	0.050179	0.000000	0.021505	
0.017921	0.000000	0.107527	0.107527	0.046595	0.032258	0.043011	0.078853	0.103943	0.075269	0.017921	0.000000	0.035842	0.028674	0.035842	0.143369	0.035842	0.032258	0.000000	0.057348	
0.000000	0.000000	0.000000	0.000000	0.000000	0.000000	0.000000	0.000000	0.000000	0.000000	0.000000	0.000000	0.000000	0.000000	0.000000	1.000000	0.000000	0.000000	0.000000	0.000000	
0.039427	0.000000	0.000000	0.139785	0.057348	0.028674	0.017921	0.086022	0.046595	0.039427	0.010753	0.225806	0.010753	0.050179	0.021505	0.103943	0.017921	0.060932	0.000000	0.043011	
0.000000	0.000000	0.000000	1.000000	0.000000	0.000000	0.000000	0.000000	0.000000	0.000000	0.000000	0.000000	0.000000	0.000000	0.000000	0.000000	0.000000	0.000000	0.000000	0.000000	
0.021505	0.000000	0.103943	0.143369	0.014337	0.025090	0.025090	0.053763	0.114695	0.025090	0.010753	0.186380	0.007168	0.014337	0.050179	0.089606	0.035842	0.025090	0.007168	0.046595	
0.021505	0.000000	0.082437	0.146953	0.028674	0.017921	0.039427	0.086022	0.139785	0.082437	0.010753	0.164875	0.007168	0.010753	0.028674	0.039427	0.035842	0.035842	0.003584	0.017921	
0.010753	0.003584	0.082437	0.121864	0.014337	0.025090	0.039427	0.064516	0.168459	0.064516	0.017921	0.129032	0.014337	0.035842	0.035842	0.046595	0.053763	0.017921	0.010753	0.043011	
0.010870	0.003623	0.090580	0.126812	0.014493	0.068841	0.032609	0.076087	0.000000	0.050725	0.025362	0.199275	0.014493	0.025362	0.057971	0.065217	0.050725	0.036232	0.003623	0.047101	

MOTIF XXXRXX_S79.9_NXXXXX
letter-probability matrix: alength= 20 w= 13 nsites= 34 E= 1.6e-009
0.029412	0.000000	0.029412	0.029412	0.029412	0.058824	0.058824	0.117647	0.117647	0.088235	0.000000	0.117647	0.000000	0.000000	0.029412	0.088235	0.088235	0.058824	0.000000	0.058824	
0.000000	0.000000	0.029412	0.000000	0.088235	0.088235	0.000000	0.117647	0.088235	0.088235	0.029412	0.117647	0.000000	0.000000	0.088235	0.088235	0.058824	0.058824	0.000000	0.058824	
0.029412	0.000000	0.000000	0.176471	0.029412	0.058824	0.029412	0.058824	0.147059	0.088235	0.000000	0.205882	0.029412	0.058824	0.000000	0.000000	0.029412	0.029412	0.000000	0.029412	
0.000000	0.000000	0.000000	0.000000	0.000000	0.000000	0.000000	0.000000	0.000000	0.000000	0.000000	0.000000	0.000000	0.000000	1.000000	0.000000	0.000000	0.000000	0.000000	0.000000	
0.029412	0.000000	0.058824	0.029412	0.000000	0.058824	0.058824	0.176471	0.029412	0.000000	0.000000	0.176471	0.029412	0.029412	0.088235	0.117647	0.058824	0.029412	0.000000	0.029412	
0.029412	0.000000	0.058824	0.058824	0.000000	0.029412	0.000000	0.058824	0.058824	0.058824	0.058824	0.147059	0.029412	0.000000	0.058824	0.176471	0.058824	0.088235	0.000000	0.029412	
0.000000	0.000000	0.000000	0.000000	0.000000	0.000000	0.000000	0.000000	0.000000	0.000000	0.000000	0.000000	0.000000	0.000000	0.000000	1.000000	0.000000	0.000000	0.000000	0.000000	
0.000000	0.000000	0.000000	0.000000	0.000000	0.000000	0.000000	0.000000	0.000000	0.000000	0.000000	1.000000	0.000000	0.000000	0.000000	0.000000	0.000000	0.000000	0.000000	0.000000	
0.000000	0.000000	0.147059	0.000000	0.000000	0.058824	0.000000	0.058824	0.117647	0.029412	0.029412	0.294118	0.029412	0.029412	0.000000	0.117647	0.029412	0.058824	0.000000	0.000000	
0.000000	0.000000	0.000000	0.117647	0.058824	0.000000	0.000000	0.117647	0.029412	0.176471	0.058824	0.147059	0.088235	0.000000	0.029412	0.117647	0.029412	0.000000	0.029412	0.000000	
0.058824	0.000000	0.117647	0.058824	0.000000	0.058824	0.029412	0.147059	0.117647	0.058824	0.000000	0.147059	0.000000	0.000000	0.029412	0.058824	0.029412	0.029412	0.000000	0.058824	
0.000000	0.000000	0.058824	0.029412	0.058824	0.058824	0.029412	0.058824	0.029412	0.117647	0.058824	0.117647	0.000000	0.000000	0.058824	0.117647	0.058824	0.088235	0.000000	0.058824	
0.000000	0.000000	0.029412	0.088235	0.029412	0.029412	0.000000	0.088235	0.058824	0.029412	0.000000	0.323529	0.029412	0.000000	0.029412	0.117647	0.058824	0.058824	0.000000	0.029412	

MOTIF XXXXXX_S79.9_XDXXXX
letter-probability matrix: alength= 20 w= 13 nsites= 239 E= 4.1e-020
0.008368	0.000000	0.083682	0.096234	0.050209	0.016736	0.020921	0.087866	0.000000	0.062762	0.016736	0.217573	0.004184	0.033473	0.071130	0.100418	0.037657	0.041841	0.004184	0.046025	
0.029289	0.000000	0.000000	0.108787	0.037657	0.029289	0.041841	0.087866	0.179916	0.050209	0.037657	0.163180	0.025105	0.012552	0.033473	0.054393	0.033473	0.037657	0.000000	0.037657	
0.016736	0.000000	0.100418	0.066946	0.037657	0.016736	0.020921	0.037657	0.179916	0.058577	0.016736	0.133891	0.025105	0.012552	0.075314	0.092050	0.029289	0.033473	0.004184	0.041841	
0.008368	0.000000	0.146444	0.100418	0.012552	0.041841	0.020921	0.054393	0.117155	0.050209	0.004184	0.117155	0.016736	0.016736	0.071130	0.100418	0.025105	0.046025	0.000000	0.050209	
0.029289	0.000000	0.096234	0.083682	0.041841	0.029289	0.046025	0.096234	0.079498	0.079498	0.008368	0.142259	0.025105	0.046025	0.020921	0.071130	0.033473	0.016736	0.000000	0.054393	
0.033473	0.000000	0.096234	0.066946	0.046025	0.033473	0.025105	0.092050	0.066946	0.071130	0.020921	0.163180	0.025105	0.041841	0.046025	0.083682	0.020921	0.033473	0.000000	0.033473	
0.000000	0.000000	0.000000	0.000000	0.000000	0.000000	0.000000	0.000000	0.000000	0.000000	0.000000	0.000000	0.000000	0.000000	0.000000	1.000000	0.000000	0.000000	0.000000	0.000000	
0.025105	0.000000	0.000000	0.083682	0.037657	0.037657	0.025105	0.092050	0.054393	0.050209	0.016736	0.221757	0.008368	0.020921	0.029289	0.138075	0.016736	0.075314	0.000000	0.066946	
0.000000	0.000000	1.000000	0.000000	0.000000	0.000000	0.000000	0.000000	0.000000	0.000000	0.000000	0.000000	0.000000	0.000000	0.000000	0.000000	0.000000	0.000000	0.000000	0.000000	
0.029289	0.000000	0.167364	0.000000	0.033473	0.037657	0.033473	0.100418	0.092050	0.046025	0.025105	0.175732	0.012552	0.012552	0.029289	0.087866	0.016736	0.054393	0.000000	0.046025	
0.025105	0.004184	0.066946	0.079498	0.012552	0.020921	0.046025	0.096234	0.100418	0.071130	0.012552	0.163180	0.008368	0.025105	0.016736	0.092050	0.062762	0.033473	0.000000	0.062762	
0.016736	0.008368	0.066946	0.075314	0.029289	0.020921	0.012552	0.083682	0.142259	0.058577	0.016736	0.188285	0.016736	0.025105	0.046025	0.062762	0.050209	0.033473	0.008368	0.037657	
0.016736	0.004184	0.071130	0.096234	0.025105	0.046025	0.012552	0.054393	0.167364	0.050209	0.016736	0.158996	0.012552	0.020921	0.050209	0.062762	0.054393	0.033473	0.000000	0.046025	

MOTIF XXXXXD_S79.9_XXXXXX
letter-probability matrix: alength= 20 w= 13 nsites= 187 E= 6.8e-018
0.032086	0.000000	0.101604	0.064171	0.016043	0.016043	0.005348	0.048128	0.155080	0.053476	0.032086	0.155080	0.016043	0.021390	0.053476	0.069519	0.042781	0.037433	0.000000	0.080214	
0.021390	0.000000	0.106952	0.064171	0.021390	0.010695	0.032086	0.101604	0.133690	0.074866	0.016043	0.165775	0.016043	0.010695	0.021390	0.058824	0.048128	0.048128	0.005348	0.042781	
0.048128	0.000000	0.096257	0.074866	0.042781	0.032086	0.016043	0.101604	0.128342	0.058824	0.026738	0.106952	0.010695	0.042781	0.016043	0.069519	0.042781	0.021390	0.000000	0.064171	
0.037433	0.000000	0.090909	0.096257	0.016043	0.026738	0.026738	0.058824	0.096257	0.085561	0.032086	0.080214	0.021390	0.021390	0.053476	0.144385	0.042781	0.021390	0.000000	0.048128	
0.021390	0.000000	0.160428	0.090909	0.037433	0.021390	0.010695	0.080214	0.069519	0.037433	0.026738	0.213904	0.000000	0.032086	0.016043	0.074866	0.032086	0.037433	0.000000	0.037433	
0.000000	0.000000	1.000000	0.000000	0.000000	0.000000	0.000000	0.000000	0.000000	0.000000	0.000000	0.000000	0.000000	0.000000	0.000000	0.000000	0.000000	0.000000	0.000000	0.000000	
0.000000	0.000000	0.000000	0.000000	0.000000	0.000000	0.000000	0.000000	0.000000	0.000000	0.000000	0.000000	0.000000	0.000000	0.000000	1.000000	0.000000	0.000000	0.000000	0.000000	
0.005405	0.000000	0.000000	0.113514	0.070270	0.021622	0.010811	0.118919	0.054054	0.102703	0.027027	0.189189	0.037838	0.043243	0.016216	0.054054	0.048649	0.048649	0.005405	0.032432	
0.027027	0.000000	0.000000	0.000000	0.037838	0.032432	0.016216	0.102703	0.102703	0.070270	0.000000	0.275676	0.005405	0.027027	0.016216	0.162162	0.048649	0.037838	0.000000	0.037838	
0.010989	0.000000	0.153846	0.093407	0.027473	0.027473	0.016484	0.082418	0.104396	0.049451	0.000000	0.153846	0.005495	0.021978	0.027473	0.115385	0.043956	0.032967	0.000000	0.032967	
0.010989	0.010989	0.137363	0.104396	0.021978	0.032967	0.016484	0.043956	0.137363	0.010989	0.016484	0.170330	0.005495	0.038462	0.027473	0.076923	0.049451	0.043956	0.000000	0.043956	
0.016575	0.005525	0.121547	0.110497	0.033149	0.016575	0.033149	0.066298	0.138122	0.038674	0.005525	0.143646	0.011050	0.027624	0.071823	0.066298	0.038674	0.022099	0.000000	0.033149	
0.027778	0.011111	0.133333	0.038889	0.005556	0.050000	0.027778	0.038889	0.133333	0.038889	0.016667	0.183333	0.016667	0.005556	0.083333	0.083333	0.038889	0.027778	0.000000	0.038889	

MOTIF XXXXXX_S79.9_XNXXXX
letter-probability matrix: alength= 20 w= 13 nsites= 372 E= 2.4e-013
0.010811	0.002703	0.094595	0.067568	0.032432	0.029730	0.024324	0.089189	0.132432	0.045946	0.021622	0.175676	0.005405	0.018919	0.062162	0.067568	0.043243	0.037838	0.000000	0.037838	
0.013477	0.000000	0.083558	0.086253	0.045822	0.029650	0.018868	0.070081	0.137466	0.056604	0.048518	0.161725	0.016173	0.016173	0.045822	0.078167	0.026954	0.026954	0.000000	0.037736	
0.021505	0.002688	0.067204	0.080645	0.018817	0.034946	0.021505	0.086022	0.163978	0.037634	0.013441	0.174731	0.010753	0.018817	0.056452	0.086022	0.026882	0.034946	0.002688	0.040323	
0.013441	0.000000	0.083333	0.088710	0.010753	0.018817	0.021505	0.048387	0.134409	0.083333	0.013441	0.177419	0.008065	0.013441	0.056452	0.126344	0.032258	0.032258	0.000000	0.037634	
0.032258	0.000000	0.072581	0.080645	0.048387	0.034946	0.032258	0.086022	0.040323	0.045699	0.040323	0.212366	0.008065	0.016129	0.045699	0.072581	0.037634	0.034946	0.002688	0.056452	
0.034946	0.000000	0.000000	0.075269	0.040323	0.045699	0.037634	0.102151	0.075269	0.091398	0.016129	0.212366	0.021505	0.008065	0.016129	0.102151	0.037634	0.045699	0.000000	0.037634	
0.000000	0.000000	0.000000	0.000000	0.000000	0.000000	0.000000	0.000000	0.000000	0.000000	0.000000	0.000000	0.000000	0.000000	0.000000	1.000000	0.000000	0.000000	0.000000	0.000000	
0.008065	0.000000	0.000000	0.115591	0.051075	0.018817	0.024194	0.099462	0.032258	0.080645	0.018817	0.247312	0.045699	0.032258	0.010753	0.129032	0.026882	0.032258	0.000000	0.026882	
0.000000	0.000000	0.000000	0.000000	0.000000	0.000000	0.000000	0.000000	0.000000	0.000000	0.000000	1.000000	0.000000	0.000000	0.000000	0.000000	0.000000	0.000000	0.000000	0.000000	
0.002688	0.000000	0.134409	0.129032	0.026882	0.013441	0.018817	0.102151	0.102151	0.053763	0.016129	0.182796	0.005376	0.010753	0.024194	0.094086	0.021505	0.040323	0.000000	0.021505	
0.010753	0.002688	0.080645	0.104839	0.034946	0.013441	0.018817	0.086022	0.115591	0.034946	0.029570	0.180108	0.008065	0.026882	0.048387	0.072581	0.029570	0.053763	0.002688	0.045699	
0.021505	0.005376	0.112903	0.104839	0.024194	0.029570	0.029570	0.053763	0.118280	0.037634	0.026882	0.166667	0.013441	0.032258	0.037634	0.077957	0.026882	0.032258	0.000000	0.048387	
0.002688	0.005376	0.096774	0.069892	0.026882	0.040323	0.013441	0.045699	0.131720	0.051075	0.034946	0.163978	0.018817	0.016129	0.048387	0.088710	0.034946	0.064516	0.002688	0.043011	

MOTIF XXXRXX_S79.9_XXXXXX
letter-probability matrix: alength= 20 w= 13 nsites= 85 E= 2.6e-010
0.000000	0.000000	0.058824	0.058824	0.047059	0.023529	0.035294	0.035294	0.141176	0.058824	0.047059	0.117647	0.035294	0.035294	0.070588	0.117647	0.047059	0.047059	0.000000	0.023529	
0.011765	0.011765	0.023529	0.023529	0.047059	0.082353	0.058824	0.058824	0.105882	0.129412	0.011765	0.129412	0.023529	0.011765	0.047059	0.094118	0.070588	0.035294	0.000000	0.023529	
0.011765	0.000000	0.023529	0.082353	0.035294	0.070588	0.000000	0.082353	0.164706	0.047059	0.011765	0.117647	0.023529	0.000000	0.141176	0.117647	0.035294	0.023529	0.000000	0.011765	
0.000000	0.000000	0.000000	0.000000	0.000000	0.000000	0.000000	0.000000	0.000000	0.000000	0.000000	0.000000	0.000000	0.000000	1.000000	0.000000	0.000000	0.000000	0.000000	0.000000	
0.011765	0.000000	0.082353	0.035294	0.023529	0.035294	0.047059	0.011765	0.141176	0.023529	0.011765	0.164706	0.011765	0.011765	0.070588	0.223529	0.058824	0.023529	0.000000	0.011765	
0.011765	0.000000	0.000000	0.070588	0.035294	0.082353	0.011765	0.070588	0.070588	0.035294	0.011765	0.176471	0.070588	0.000000	0.105882	0.117647	0.000000	0.035294	0.000000	0.094118	
0.000000	0.000000	0.000000	0.000000	0.000000	0.000000	0.000000	0.000000	0.000000	0.000000	0.000000	0.000000	0.000000	0.000000	0.000000	1.000000	0.000000	0.000000	0.000000	0.000000	
0.011765	0.000000	0.000000	0.035294	0.070588	0.023529	0.023529	0.129412	0.035294	0.223529	0.047059	0.000000	0.047059	0.047059	0.047059	0.129412	0.035294	0.070588	0.000000	0.023529	
0.011765	0.000000	0.000000	0.000000	0.035294	0.117647	0.070588	0.058824	0.035294	0.058824	0.011765	0.000000	0.094118	0.070588	0.011765	0.258824	0.094118	0.000000	0.000000	0.070588	
0.035294	0.000000	0.070588	0.035294	0.082353	0.058824	0.035294	0.129412	0.011765	0.070588	0.023529	0.176471	0.035294	0.011765	0.011765	0.117647	0.023529	0.023529	0.011765	0.035294	
0.000000	0.000000	0.083333	0.119048	0.035714	0.023810	0.011905	0.095238	0.107143	0.035714	0.047619	0.083333	0.035714	0.023810	0.071429	0.071429	0.047619	0.023810	0.000000	0.083333	
0.023810	0.000000	0.047619	0.095238	0.011905	0.011905	0.023810	0.071429	0.130952	0.047619	0.000000	0.130952	0.059524	0.059524	0.107143	0.107143	0.000000	0.011905	0.000000	0.059524	
0.011905	0.000000	0.119048	0.071429	0.023810	0.023810	0.023810	0.035714	0.154762	0.035714	0.011905	0.142857	0.000000	0.047619	0.107143	0.071429	0.035714	0.035714	0.000000	0.047619	

MOTIF XXXSXX_S79.9_XXXXXX
letter-probability matrix: alength= 20 w= 13 nsites= 177 E= 2.5e-011
0.011364	0.000000	0.068182	0.039773	0.028409	0.017045	0.034091	0.045455	0.153409	0.062500	0.005682	0.119318	0.017045	0.034091	0.107955	0.107955	0.045455	0.062500	0.000000	0.039773	
0.039773	0.000000	0.056818	0.051136	0.045455	0.034091	0.017045	0.090909	0.062500	0.068182	0.017045	0.170455	0.005682	0.017045	0.079545	0.113636	0.039773	0.017045	0.000000	0.073864	
0.045455	0.000000	0.062500	0.079545	0.045455	0.045455	0.011364	0.056818	0.136364	0.073864	0.022727	0.130682	0.034091	0.022727	0.022727	0.079545	0.028409	0.039773	0.005682	0.056818	
0.000000	0.000000	0.000000	0.000000	0.000000	0.000000	0.000000	0.000000	0.000000	0.000000	0.000000	0.000000	0.000000	0.000000	0.000000	1.000000	0.000000	0.000000	0.000000	0.000000	
0.005650	0.000000	0.135593	0.101695	0.062147	0.005650	0.016949	0.079096	0.016949	0.073446	0.016949	0.186441	0.005650	0.028249	0.039548	0.107345	0.073446	0.039548	0.000000	0.005650	
0.039548	0.000000	0.000000	0.124294	0.033898	0.079096	0.016949	0.073446	0.118644	0.073446	0.016949	0.169492	0.005650	0.028249	0.022599	0.079096	0.039548	0.033898	0.000000	0.045198	
0.000000	0.000000	0.000000	0.000000	0.000000	0.000000	0.000000	0.000000	0.000000	0.000000	0.000000	0.000000	0.000000	0.000000	0.000000	1.000000	0.000000	0.000000	0.000000	0.000000	
0.045455	0.000000	0.000000	0.096591	0.022727	0.011364	0.005682	0.085227	0.045455	0.107955	0.028409	0.193182	0.039773	0.011364	0.028409	0.125000	0.073864	0.028409	0.000000	0.051136	
0.034286	0.000000	0.000000	0.000000	0.022857	0.040000	0.040000	0.108571	0.131429	0.102857	0.040000	0.000000	0.022857	0.045714	0.068571	0.142857	0.085714	0.068571	0.000000	0.045714	
0.017241	0.000000	0.068966	0.109195	0.028736	0.017241	0.017241	0.080460	0.120690	0.057471	0.028736	0.137931	0.017241	0.022989	0.051724	0.109195	0.034483	0.034483	0.005747	0.040230	
0.022989	0.005747	0.114943	0.097701	0.040230	0.034483	0.017241	0.028736	0.235632	0.022989	0.011494	0.126437	0.000000	0.017241	0.034483	0.097701	0.017241	0.040230	0.000000	0.034483	
0.034483	0.011494	0.080460	0.114943	0.011494	0.011494	0.022989	0.040230	0.155172	0.068966	0.017241	0.120690	0.017241	0.028736	0.063218	0.068966	0.045977	0.051724	0.000000	0.034483	
0.005747	0.005747	0.074713	0.051724	0.011494	0.028736	0.028736	0.028736	0.183908	0.040230	0.028736	0.189655	0.005747	0.022989	0.074713	0.120690	0.051724	0.011494	0.005747	0.028736	

MOTIF XXXXXX_S79.9_PXXXXX
letter-probability matrix: alength= 20 w= 13 nsites= 66 E= 2.6e-010
0.045455	0.000000	0.121212	0.045455	0.060606	0.015152	0.015152	0.030303	0.196970	0.045455	0.030303	0.136364	0.015152	0.015152	0.030303	0.015152	0.121212	0.030303	0.000000	0.030303	
0.075758	0.000000	0.090909	0.106061	0.030303	0.000000	0.030303	0.075758	0.181818	0.060606	0.000000	0.166667	0.015152	0.015152	0.045455	0.045455	0.015152	0.000000	0.000000	0.045455	
0.015152	0.015152	0.106061	0.090909	0.030303	0.045455	0.015152	0.045455	0.136364	0.045455	0.000000	0.121212	0.030303	0.045455	0.030303	0.106061	0.060606	0.015152	0.015152	0.030303	
0.030303	0.000000	0.060606	0.090909	0.045455	0.060606	0.000000	0.060606	0.106061	0.060606	0.030303	0.257576	0.030303	0.060606	0.000000	0.000000	0.060606	0.015152	0.000000	0.030303	
0.000000	0.000000	0.121212	0.045455	0.030303	0.030303	0.015152	0.060606	0.045455	0.075758	0.030303	0.242424	0.015152	0.060606	0.000000	0.136364	0.030303	0.060606	0.000000	0.000000	
0.045455	0.000000	0.000000	0.060606	0.030303	0.045455	0.045455	0.060606	0.060606	0.075758	0.045455	0.151515	0.030303	0.030303	0.060606	0.075758	0.075758	0.075758	0.000000	0.030303	
0.000000	0.000000	0.000000	0.000000	0.000000	0.000000	0.000000	0.000000	0.000000	0.000000	0.000000	0.000000	0.000000	0.000000	0.000000	1.000000	0.000000	0.000000	0.000000	0.000000	
0.000000	0.000000	0.000000	0.000000	0.000000	0.000000	0.000000	0.000000	0.000000	0.000000	0.000000	0.000000	1.000000	0.000000	0.000000	0.000000	0.000000	0.000000	0.000000	0.000000	
0.030303	0.000000	0.000000	0.000000	0.030303	0.030303	0.060606	0.060606	0.181818	0.136364	0.000000	0.000000	0.015152	0.045455	0.060606	0.196970	0.090909	0.030303	0.000000	0.030303	
0.000000	0.000000	0.045455	0.045455	0.045455	0.000000	0.030303	0.090909	0.181818	0.030303	0.000000	0.121212	0.060606	0.060606	0.090909	0.121212	0.045455	0.000000	0.000000	0.030303	
0.030769	0.015385	0.061538	0.169231	0.015385	0.076923	0.000000	0.061538	0.138462	0.061538	0.000000	0.123077	0.015385	0.015385	0.061538	0.076923	0.015385	0.046154	0.000000	0.015385	
0.076923	0.000000	0.107692	0.076923	0.015385	0.061538	0.015385	0.030769	0.092308	0.000000	0.015385	0.184615	0.015385	0.015385	0.046154	0.076923	0.092308	0.030769	0.000000	0.046154	
0.015625	0.015625	0.093750	0.015625	0.000000	0.000000	0.062500	0.062500	0.156250	0.062500	0.000000	0.125000	0.046875	0.000000	0.078125	0.109375	0.046875	0.031250	0.000000	0.078125	

MOTIF XXXDXX_S79.9_XXXDXX
letter-probability matrix: alength= 20 w= 13 nsites= 25 E= 6.5e-008
0.040000	0.000000	0.080000	0.200000	0.000000	0.040000	0.080000	0.000000	0.120000	0.080000	0.000000	0.120000	0.000000	0.000000	0.040000	0.040000	0.040000	0.080000	0.000000	0.040000	
0.000000	0.000000	0.160000	0.080000	0.040000	0.040000	0.000000	0.080000	0.080000	0.120000	0.000000	0.200000	0.000000	0.040000	0.000000	0.040000	0.040000	0.000000	0.000000	0.080000	
0.000000	0.000000	0.040000	0.160000	0.040000	0.000000	0.080000	0.040000	0.000000	0.040000	0.000000	0.200000	0.000000	0.080000	0.000000	0.080000	0.000000	0.040000	0.000000	0.200000	
0.000000	0.000000	1.000000	0.000000	0.000000	0.000000	0.000000	0.000000	0.000000	0.000000	0.000000	0.000000	0.000000	0.000000	0.000000	0.000000	0.000000	0.000000	0.000000	0.000000	
0.040000	0.000000	0.080000	0.120000	0.000000	0.040000	0.000000	0.040000	0.160000	0.000000	0.000000	0.280000	0.000000	0.040000	0.000000	0.040000	0.000000	0.080000	0.040000	0.040000	
0.000000	0.000000	0.000000	0.080000	0.000000	0.120000	0.080000	0.000000	0.280000	0.040000	0.000000	0.080000	0.040000	0.000000	0.000000	0.200000	0.040000	0.040000	0.000000	0.000000	
0.000000	0.000000	0.000000	0.000000	0.000000	0.000000	0.000000	0.000000	0.000000	0.000000	0.000000	0.000000	0.000000	0.000000	0.000000	1.000000	0.000000	0.000000	0.000000	0.000000	
0.000000	0.000000	0.000000	0.200000	0.040000	0.080000	0.000000	0.040000	0.000000	0.120000	0.000000	0.120000	0.000000	0.080000	0.000000	0.000000	0.040000	0.160000	0.000000	0.120000	
0.080000	0.000000	0.000000	0.000000	0.000000	0.080000	0.120000	0.120000	0.120000	0.080000	0.040000	0.000000	0.000000	0.040000	0.040000	0.120000	0.080000	0.080000	0.000000	0.000000	
0.040000	0.000000	0.240000	0.120000	0.040000	0.040000	0.000000	0.000000	0.040000	0.000000	0.040000	0.040000	0.000000	0.000000	0.040000	0.320000	0.040000	0.000000	0.000000	0.000000	
0.000000	0.000000	1.000000	0.000000	0.000000	0.000000	0.000000	0.000000	0.000000	0.000000	0.000000	0.000000	0.000000	0.000000	0.000000	0.000000	0.000000	0.000000	0.000000	0.000000	
0.040000	0.000000	0.160000	0.160000	0.040000	0.040000	0.000000	0.000000	0.120000	0.040000	0.040000	0.160000	0.000000	0.040000	0.040000	0.080000	0.000000	0.040000	0.000000	0.000000	
0.000000	0.000000	0.000000	0.240000	0.000000	0.000000	0.040000	0.040000	0.160000	0.040000	0.000000	0.160000	0.040000	0.000000	0.000000	0.200000	0.000000	0.080000	0.000000	0.000000	

MOTIF XXXXXX_S79.9_XSXXXX
letter-probability matrix: alength= 20 w= 13 nsites= 151 E= 8.0e-009
0.013333	0.000000	0.040000	0.106667	0.013333	0.020000	0.006667	0.053333	0.206667	0.066667	0.033333	0.186667	0.006667	0.026667	0.026667	0.086667	0.026667	0.013333	0.013333	0.053333	
0.019868	0.006623	0.112583	0.059603	0.052980	0.033113	0.026490	0.026490	0.105960	0.105960	0.006623	0.158940	0.006623	0.026490	0.079470	0.079470	0.019868	0.039735	0.000000	0.033113	
0.019868	0.006623	0.119205	0.052980	0.006623	0.033113	0.013245	0.086093	0.172185	0.052980	0.006623	0.119205	0.019868	0.019868	0.059603	0.079470	0.046358	0.033113	0.006623	0.046358	
0.006623	0.000000	0.086093	0.132450	0.052980	0.046358	0.052980	0.059603	0.145695	0.092715	0.013245	0.172185	0.006623	0.033113	0.000000	0.000000	0.033113	0.033113	0.000000	0.033113	
0.013245	0.000000	0.092715	0.086093	0.052980	0.019868	0.006623	0.105960	0.092715	0.059603	0.046358	0.132450	0.000000	0.006623	0.046358	0.132450	0.026490	0.039735	0.000000	0.039735	
0.006623	0.000000	0.000000	0.086093	0.052980	0.026490	0.052980	0.072848	0.145695	0.125828	0.000000	0.125828	0.013245	0.033113	0.099338	0.099338	0.006623	0.033113	0.000000	0.019868	
0.000000	0.000000	0.000000	0.000000	0.000000	0.000000	0.000000	0.000000	0.000000	0.000000	0.000000	0.000000	0.000000	0.000000	0.000000	1.000000	0.000000	0.000000	0.000000	0.000000	
0.033113	0.000000	0.000000	0.139073	0.125828	0.019868	0.026490	0.052980	0.026490	0.092715	0.006623	0.218543	0.000000	0.039735	0.026490	0.099338	0.006623	0.066225	0.000000	0.019868	
0.000000	0.000000	0.000000	0.000000	0.000000	0.000000	0.000000	0.000000	0.000000	0.000000	0.000000	0.000000	0.000000	0.000000	0.000000	1.000000	0.000000	0.000000	0.000000	0.000000	
0.019868	0.000000	0.059603	0.132450	0.066225	0.039735	0.026490	0.072848	0.066225	0.086093	0.026490	0.125828	0.019868	0.013245	0.066225	0.092715	0.026490	0.019868	0.000000	0.039735	
0.006667	0.000000	0.053333	0.173333	0.046667	0.006667	0.020000	0.086667	0.086667	0.093333	0.006667	0.100000	0.006667	0.013333	0.040000	0.100000	0.053333	0.013333	0.013333	0.080000	
0.013333	0.000000	0.126667	0.113333	0.053333	0.026667	0.033333	0.060000	0.093333	0.040000	0.040000	0.140000	0.013333	0.026667	0.040000	0.126667	0.013333	0.006667	0.000000	0.033333	
0.006667	0.000000	0.100000	0.113333	0.020000	0.026667	0.026667	0.066667	0.173333	0.026667	0.020000	0.126667	0.006667	0.026667	0.073333	0.073333	0.040000	0.033333	0.000000	0.040000	

MOTIF XXXXXX_S79.9_XXDXXX
letter-probability matrix: alength= 20 w= 13 nsites= 82 E= 1.1e-007
0.012195	0.000000	0.170732	0.048780	0.024390	0.036585	0.012195	0.109756	0.109756	0.024390	0.000000	0.158537	0.000000	0.036585	0.048780	0.073171	0.012195	0.024390	0.000000	0.097561	
0.012195	0.012195	0.048780	0.073171	0.036585	0.048780	0.060976	0.036585	0.170732	0.060976	0.012195	0.134146	0.012195	0.000000	0.073171	0.073171	0.000000	0.060976	0.000000	0.073171	
0.012195	0.000000	0.085366	0.121951	0.012195	0.036585	0.012195	0.060976	0.207317	0.036585	0.036585	0.195122	0.000000	0.036585	0.024390	0.060976	0.012195	0.024390	0.000000	0.024390	
0.024390	0.000000	0.134146	0.158537	0.024390	0.036585	0.024390	0.085366	0.170732	0.000000	0.012195	0.097561	0.012195	0.036585	0.000000	0.000000	0.097561	0.036585	0.000000	0.048780	
0.024390	0.000000	0.085366	0.085366	0.036585	0.000000	0.012195	0.073171	0.085366	0.024390	0.036585	0.121951	0.036585	0.012195	0.085366	0.170732	0.060976	0.012195	0.000000	0.036585	
0.024390	0.000000	0.000000	0.048780	0.024390	0.085366	0.012195	0.109756	0.109756	0.121951	0.012195	0.195122	0.012195	0.012195	0.024390	0.097561	0.048780	0.024390	0.000000	0.036585	
0.000000	0.000000	0.000000	0.000000	0.000000	0.000000	0.000000	0.000000	0.000000	0.000000	0.000000	0.000000	0.000000	0.000000	0.000000	1.000000	0.000000	0.000000	0.000000	0.000000	
0.024390	0.000000	0.000000	0.121951	0.048780	0.060976	0.024390	0.036585	0.024390	0.109756	0.000000	0.195122	0.000000	0.012195	0.012195	0.219512	0.060976	0.036585	0.000000	0.012195	
0.073171	0.000000	0.000000	0.000000	0.073171	0.085366	0.060976	0.158537	0.121951	0.085366	0.048780	0.000000	0.012195	0.036585	0.036585	0.000000	0.060976	0.048780	0.000000	0.097561	
0.000000	0.000000	1.000000	0.000000	0.000000	0.000000	0.000000	0.000000	0.000000	0.000000	0.000000	0.000000	0.000000	0.000000	0.000000	0.000000	0.000000	0.000000	0.000000	0.000000	
0.049383	0.000000	0.086420	0.185185	0.012346	0.049383	0.012346	0.074074	0.086420	0.024691	0.024691	0.185185	0.000000	0.012346	0.024691	0.061728	0.024691	0.074074	0.000000	0.012346	
0.000000	0.000000	0.086420	0.135802	0.024691	0.000000	0.012346	0.074074	0.185185	0.049383	0.024691	0.123457	0.000000	0.037037	0.024691	0.086420	0.061728	0.024691	0.000000	0.049383	
0.000000	0.000000	0.098765	0.135802	0.024691	0.012346	0.012346	0.086420	0.222222	0.024691	0.049383	0.135802	0.000000	0.061728	0.012346	0.049383	0.012346	0.024691	0.000000	0.037037	

MOTIF XXXXXN_S79.9_XXXXXX
letter-probability matrix: alength= 20 w= 13 nsites= 120 E= 6.4e-007
0.008333	0.000000	0.141667	0.066667	0.025000	0.016667	0.016667	0.016667	0.175000	0.050000	0.016667	0.166667	0.025000	0.008333	0.016667	0.116667	0.041667	0.041667	0.000000	0.050000	
0.016667	0.000000	0.075000	0.108333	0.025000	0.016667	0.033333	0.083333	0.141667	0.091667	0.050000	0.150000	0.000000	0.050000	0.008333	0.050000	0.041667	0.041667	0.000000	0.016667	
0.000000	0.000000	0.133333	0.066667	0.050000	0.016667	0.041667	0.075000	0.066667	0.033333	0.016667	0.200000	0.016667	0.041667	0.025000	0.091667	0.041667	0.025000	0.000000	0.058333	
0.000000	0.000000	0.133333	0.058333	0.041667	0.041667	0.066667	0.075000	0.116667	0.133333	0.025000	0.166667	0.000000	0.058333	0.000000	0.000000	0.025000	0.041667	0.000000	0.016667	
0.008333	0.000000	0.075000	0.100000	0.033333	0.050000	0.008333	0.041667	0.033333	0.083333	0.016667	0.166667	0.008333	0.033333	0.041667	0.175000	0.058333	0.025000	0.000000	0.041667	
0.000000	0.000000	0.000000	0.000000	0.000000	0.000000	0.000000	0.000000	0.000000	0.000000	0.000000	1.000000	0.000000	0.000000	0.000000	0.000000	0.000000	0.000000	0.000000	0.000000	
0.000000	0.000000	0.000000	0.000000	0.000000	0.000000	0.000000	0.000000	0.000000	0.000000	0.000000	0.000000	0.000000	0.000000	0.000000	1.000000	0.000000	0.000000	0.000000	0.000000	
0.000000	0.000000	0.000000	0.110169	0.025424	0.000000	0.000000	0.093220	0.025424	0.093220	0.025424	0.271186	0.000000	0.025424	0.016949	0.177966	0.033898	0.067797	0.000000	0.033898	
0.025424	0.000000	0.000000	0.000000	0.008475	0.118644	0.059322	0.144068	0.118644	0.161017	0.025424	0.000000	0.025424	0.033898	0.042373	0.000000	0.059322	0.093220	0.000000	0.084746	
0.025424	0.000000	0.000000	0.118644	0.067797	0.033898	0.016949	0.067797	0.127119	0.050847	0.016949	0.169492	0.016949	0.000000	0.067797	0.127119	0.042373	0.008475	0.000000	0.042373	
0.016949	0.000000	0.110169	0.118644	0.008475	0.033898	0.016949	0.042373	0.076271	0.042373	0.008475	0.237288	0.008475	0.008475	0.059322	0.067797	0.050847	0.033898	0.000000	0.059322	
0.008475	0.008475	0.101695	0.076271	0.016949	0.025424	0.016949	0.067797	0.118644	0.042373	0.000000	0.152542	0.008475	0.050847	0.050847	0.118644	0.050847	0.033898	0.000000	0.050847	
0.008475	0.000000	0.084746	0.118644	0.008475	0.042373	0.008475	0.067797	0.093220	0.042373	0.016949	0.144068	0.016949	0.050847	0.067797	0.101695	0.050847	0.008475	0.000000	0.067797	

MOTIF XXXXXX_S79.9_XXSXXX
letter-probability matrix: alength= 20 w= 13 nsites= 78 E= 3.6e-006
0.000000	0.000000	0.076923	0.089744	0.038462	0.025641	0.025641	0.076923	0.192308	0.038462	0.012821	0.115385	0.000000	0.025641	0.102564	0.089744	0.051282	0.000000	0.000000	0.038462	
0.012821	0.000000	0.115385	0.115385	0.025641	0.012821	0.012821	0.064103	0.192308	0.064103	0.025641	0.166667	0.000000	0.051282	0.038462	0.064103	0.000000	0.038462	0.000000	0.000000	
0.000000	0.000000	0.102564	0.115385	0.025641	0.012821	0.064103	0.038462	0.115385	0.038462	0.025641	0.128205	0.000000	0.012821	0.064103	0.089744	0.051282	0.038462	0.000000	0.076923	
0.000000	0.000000	0.089744	0.089744	0.064103	0.012821	0.000000	0.076923	0.166667	0.115385	0.012821	0.128205	0.000000	0.051282	0.000000	0.000000	0.089744	0.051282	0.000000	0.051282	
0.076923	0.000000	0.076923	0.051282	0.064103	0.000000	0.025641	0.102564	0.038462	0.089744	0.012821	0.141026	0.025641	0.025641	0.064103	0.064103	0.038462	0.038462	0.000000	0.064103	
0.012821	0.000000	0.000000	0.166667	0.025641	0.076923	0.012821	0.051282	0.179487	0.064103	0.012821	0.000000	0.064103	0.064103	0.000000	0.153846	0.012821	0.076923	0.000000	0.025641	
0.000000	0.000000	0.000000	0.000000	0.000000	0.000000	0.000000	0.000000	0.000000	0.000000	0.000000	0.000000	0.000000	0.000000	0.000000	1.000000	0.000000	0.000000	0.000000	0.000000	
0.012821	0.000000	0.000000	0.115385	0.051282	0.025641	0.051282	0.102564	0.012821	0.102564	0.051282	0.205128	0.000000	0.051282	0.051282	0.064103	0.000000	0.089744	0.000000	0.012821	
0.012821	0.000000	0.000000	0.000000	0.064103	0.076923	0.089744	0.076923	0.243590	0.102564	0.038462	0.000000	0.025641	0.076923	0.025641	0.000000	0.076923	0.076923	0.000000	0.012821	
0.000000	0.000000	0.000000	0.000000	0.000000	0.000000	0.000000	0.000000	0.000000	0.000000	0.000000	0.000000	0.000000	0.000000	0.000000	1.000000	0.000000	0.000000	0.000000	0.000000	
0.051282	0.000000	0.064103	0.076923	0.051282	0.051282	0.000000	0.089744	0.153846	0.038462	0.000000	0.153846	0.038462	0.025641	0.025641	0.102564	0.051282	0.012821	0.000000	0.012821	
0.038961	0.012987	0.142857	0.077922	0.000000	0.025974	0.012987	0.103896	0.168831	0.038961	0.064935	0.103896	0.012987	0.000000	0.038961	0.064935	0.038961	0.000000	0.000000	0.051948	
0.012987	0.000000	0.103896	0.103896	0.012987	0.000000	0.038961	0.103896	0.194805	0.051948	0.064935	0.116883	0.012987	0.000000	0.012987	0.090909	0.025974	0.012987	0.000000	0.038961	

MOTIF XXXXXX_S79.9_XXEXXX
letter-probability matrix: alength= 20 w= 13 nsites= 65 E= 6.8e-008
0.031250	0.000000	0.109375	0.109375	0.031250	0.046875	0.000000	0.093750	0.140625	0.078125	0.015625	0.078125	0.000000	0.015625	0.031250	0.078125	0.046875	0.046875	0.031250	0.015625	
0.015625	0.000000	0.093750	0.046875	0.031250	0.031250	0.015625	0.078125	0.140625	0.109375	0.015625	0.140625	0.031250	0.000000	0.015625	0.078125	0.031250	0.062500	0.000000	0.062500	
0.015385	0.000000	0.092308	0.123077	0.000000	0.046154	0.015385	0.046154	0.138462	0.030769	0.076923	0.107692	0.015385	0.030769	0.015385	0.092308	0.046154	0.046154	0.000000	0.061538	
0.000000	0.000000	0.184615	0.169231	0.015385	0.030769	0.015385	0.092308	0.200000	0.092308	0.015385	0.123077	0.000000	0.015385	0.000000	0.000000	0.015385	0.000000	0.000000	0.030769	
0.015385	0.000000	0.076923	0.153846	0.015385	0.015385	0.030769	0.046154	0.046154	0.061538	0.015385	0.169231	0.000000	0.030769	0.000000	0.138462	0.076923	0.030769	0.000000	0.076923	
0.092308	0.000000	0.000000	0.169231	0.015385	0.092308	0.046154	0.092308	0.061538	0.138462	0.015385	0.000000	0.015385	0.030769	0.000000	0.107692	0.015385	0.107692	0.000000	0.000000	
0.000000	0.000000	0.000000	0.000000	0.000000	0.000000	0.000000	0.000000	0.000000	0.000000	0.000000	0.000000	0.000000	0.000000	0.000000	1.000000	0.000000	0.000000	0.000000	0.000000	
0.030769	0.000000	0.000000	0.153846	0.046154	0.046154	0.015385	0.046154	0.015385	0.061538	0.000000	0.107692	0.000000	0.030769	0.046154	0.215385	0.046154	0.123077	0.000000	0.015385	
0.061538	0.000000	0.000000	0.000000	0.030769	0.046154	0.092308	0.076923	0.169231	0.076923	0.000000	0.000000	0.030769	0.000000	0.092308	0.000000	0.138462	0.061538	0.015385	0.107692	
0.000000	0.000000	0.000000	1.000000	0.000000	0.000000	0.000000	0.000000	0.000000	0.000000	0.000000	0.000000	0.000000	0.000000	0.000000	0.000000	0.000000	0.000000	0.000000	0.000000	
0.000000	0.000000	0.169231	0.246154	0.015385	0.046154	0.015385	0.030769	0.184615	0.015385	0.000000	0.107692	0.015385	0.030769	0.015385	0.076923	0.000000	0.015385	0.000000	0.015385	
0.030769	0.000000	0.092308	0.138462	0.015385	0.061538	0.000000	0.061538	0.107692	0.046154	0.000000	0.107692	0.015385	0.015385	0.000000	0.076923	0.061538	0.107692	0.000000	0.061538	
0.015385	0.000000	0.061538	0.215385	0.000000	0.015385	0.015385	0.046154	0.215385	0.015385	0.015385	0.076923	0.015385	0.015385	0.061538	0.076923	0.046154	0.076923	0.000000	0.015385	

MOTIF XXXXXG_S79.9_XXXXXX
letter-probability matrix: alength= 20 w= 13 nsites= 29 E= 1.2e-003
0.000000	0.034483	0.034483	0.241379	0.034483	0.034483	0.034483	0.034483	0.172414	0.000000	0.000000	0.137931	0.034483	0.000000	0.000000	0.068966	0.103448	0.034483	0.000000	0.000000	
0.000000	0.034483	0.068966	0.068966	0.068966	0.034483	0.068966	0.000000	0.000000	0.068966	0.068966	0.137931	0.000000	0.103448	0.034483	0.068966	0.034483	0.068966	0.000000	0.068966	
0.034483	0.000000	0.103448	0.206897	0.000000	0.103448	0.000000	0.068966	0.034483	0.068966	0.000000	0.068966	0.000000	0.034483	0.000000	0.137931	0.068966	0.068966	0.000000	0.000000	
0.034483	0.000000	0.034483	0.034483	0.034483	0.034483	0.068966	0.172414	0.137931	0.137931	0.000000	0.068966	0.034483	0.103448	0.000000	0.000000	0.103448	0.000000	0.000000	0.000000	
0.068966	0.000000	0.103448	0.103448	0.034483	0.068966	0.000000	0.137931	0.034483	0.000000	0.034483	0.137931	0.000000	0.068966	0.068966	0.034483	0.000000	0.103448	0.000000	0.000000	
0.000000	0.000000	0.000000	0.000000	0.000000	1.000000	0.000000	0.000000	0.000000	0.000000	0.000000	0.000000	0.000000	0.000000	0.000000	0.000000	0.000000	0.000000	0.000000	0.000000	
0.000000	0.000000	0.000000	0.000000	0.000000	0.000000	0.000000	0.000000	0.000000	0.000000	0.000000	0.000000	0.000000	0.000000	0.000000	1.000000	0.000000	0.000000	0.000000	0.000000	
0.000000	0.000000	0.000000	0.034483	0.034483	0.068966	0.034483	0.034483	0.068966	0.034483	0.103448	0.275862	0.000000	0.068966	0.034483	0.103448	0.103448	0.000000	0.000000	0.000000	
0.103448	0.000000	0.000000	0.000000	0.034483	0.000000	0.034483	0.103448	0.241379	0.137931	0.000000	0.000000	0.034483	0.068966	0.034483	0.000000	0.034483	0.137931	0.000000	0.034483	
0.000000	0.000000	0.000000	0.000000	0.071429	0.178571	0.000000	0.142857	0.071429	0.071429	0.035714	0.142857	0.000000	0.000000	0.107143	0.000000	0.035714	0.107143	0.000000	0.035714	
0.000000	0.000000	0.178571	0.035714	0.035714	0.107143	0.000000	0.035714	0.107143	0.107143	0.000000	0.214286	0.000000	0.035714	0.035714	0.035714	0.035714	0.035714	0.000000	0.000000	
0.000000	0.000000	0.071429	0.214286	0.107143	0.071429	0.035714	0.035714	0.071429	0.035714	0.035714	0.107143	0.035714	0.071429	0.071429	0.000000	0.000000	0.000000	0.000000	0.035714	
0.000000	0.000000	0.071429	0.035714	0.000000	0.035714	0.035714	0.071429	0.214286	0.071429	0.000000	0.214286	0.000000	0.035714	0.035714	0.071429	0.000000	0.071429	0.000000	0.035714	

MOTIF XXXXXE_S79.9_XXXXXX
letter-probability matrix: alength= 20 w= 13 nsites= 42 E= 1.6e-003
0.023810	0.047619	0.119048	0.071429	0.023810	0.023810	0.023810	0.023810	0.214286	0.047619	0.023810	0.119048	0.000000	0.000000	0.095238	0.047619	0.047619	0.047619	0.000000	0.000000	
0.000000	0.000000	0.119048	0.047619	0.023810	0.023810	0.023810	0.047619	0.119048	0.071429	0.000000	0.190476	0.023810	0.047619	0.047619	0.071429	0.071429	0.047619	0.000000	0.023810	
0.047619	0.000000	0.071429	0.095238	0.000000	0.047619	0.023810	0.119048	0.142857	0.047619	0.023810	0.095238	0.023810	0.071429	0.071429	0.047619	0.000000	0.047619	0.000000	0.023810	
0.023810	0.000000	0.071429	0.095238	0.047619	0.000000	0.047619	0.047619	0.166667	0.071429	0.047619	0.119048	0.000000	0.047619	0.000000	0.000000	0.095238	0.071429	0.000000	0.047619	
0.000000	0.000000	0.142857	0.119048	0.000000	0.023810	0.000000	0.047619	0.095238	0.023810	0.023810	0.261905	0.000000	0.023810	0.095238	0.071429	0.047619	0.000000	0.000000	0.023810	
0.000000	0.000000	0.000000	1.000000	0.000000	0.000000	0.000000	0.000000	0.000000	0.000000	0.000000	0.000000	0.000000	0.000000	0.000000	0.000000	0.000000	0.000000	0.000000	0.000000	
0.000000	0.000000	0.000000	0.000000	0.000000	0.000000	0.000000	0.000000	0.000000	0.000000	0.000000	0.000000	0.000000	0.000000	0.000000	1.000000	0.000000	0.000000	0.000000	0.000000	
0.024390	0.000000	0.000000	0.073171	0.024390	0.024390	0.000000	0.170732	0.024390	0.073171	0.000000	0.219512	0.000000	0.073171	0.024390	0.121951	0.048780	0.073171	0.000000	0.024390	
0.025000	0.000000	0.000000	0.000000	0.050000	0.025000	0.125000	0.075000	0.175000	0.050000	0.000000	0.000000	0.050000	0.050000	0.025000	0.000000	0.050000	0.125000	0.000000	0.175000	
0.000000	0.000000	0.000000	0.000000	0.075000	0.075000	0.050000	0.025000	0.175000	0.100000	0.075000	0.125000	0.050000	0.100000	0.025000	0.000000	0.050000	0.050000	0.000000	0.025000	
0.000000	0.000000	0.100000	0.125000	0.025000	0.025000	0.025000	0.100000	0.125000	0.050000	0.025000	0.100000	0.000000	0.000000	0.025000	0.200000	0.050000	0.025000	0.000000	0.000000	
0.025000	0.025000	0.100000	0.100000	0.025000	0.050000	0.050000	0.075000	0.050000	0.050000	0.000000	0.175000	0.000000	0.025000	0.050000	0.125000	0.000000	0.000000	0.000000	0.075000	
0.025000	0.025000	0.175000	0.075000	0.025000	0.025000	0.000000	0.025000	0.075000	0.075000	0.025000	0.075000	0.025000	0.025000	0.100000	0.075000	0.050000	0.075000	0.000000	0.025000	

MOTIF XXXXXS_Y79.9_XXXXXX
letter-probability matrix: alength= 20 w= 13 nsites= 53 E= 1.9e-012
0.018868	0.000000	0.150943	0.000000	0.056604	0.000000	0.018868	0.075472	0.188679	0.037736	0.018868	0.169811	0.000000	0.018868	0.000000	0.056604	0.056604	0.037736	0.018868	0.075472	
0.018868	0.000000	0.056604	0.150943	0.000000	0.018868	0.037736	0.056604	0.188679	0.037736	0.018868	0.150943	0.000000	0.000000	0.056604	0.094340	0.056604	0.000000	0.000000	0.056604	
0.037736	0.000000	0.056604	0.132075	0.018868	0.018868	0.018868	0.037736	0.113208	0.018868	0.018868	0.075472	0.000000	0.037736	0.150943	0.113208	0.018868	0.075472	0.000000	0.056604	
0.018868	0.000000	0.094340	0.094340	0.018868	0.018868	0.000000	0.037736	0.037736	0.075472	0.037736	0.188679	0.037736	0.056604	0.075472	0.094340	0.056604	0.018868	0.000000	0.037736	
0.000000	0.000000	0.207547	0.056604	0.037736	0.037736	0.056604	0.075472	0.056604	0.075472	0.000000	0.169811	0.000000	0.037736	0.018868	0.113208	0.037736	0.018868	0.000000	0.000000	
0.000000	0.000000	0.000000	0.000000	0.000000	0.000000	0.000000	0.000000	0.000000	0.000000	0.000000	0.000000	0.000000	0.000000	0.000000	1.000000	0.000000	0.000000	0.000000	0.000000	
0.000000	0.000000	0.000000	0.000000	0.000000	0.000000	0.000000	0.000000	0.000000	0.000000	0.000000	0.000000	0.000000	0.000000	0.000000	0.000000	0.000000	0.000000	0.000000	1.000000	
0.000000	0.000000	0.226415	0.264151	0.037736	0.000000	0.018868	0.075472	0.056604	0.018868	0.000000	0.094340	0.000000	0.037736	0.000000	0.094340	0.037736	0.000000	0.000000	0.037736	
0.018868	0.000000	0.132075	0.150943	0.000000	0.000000	0.094340	0.000000	0.094340	0.018868	0.037736	0.150943	0.018868	0.000000	0.094340	0.132075	0.000000	0.018868	0.000000	0.037736	
0.018868	0.000000	0.169811	0.132075	0.000000	0.000000	0.056604	0.094340	0.094340	0.000000	0.018868	0.169811	0.018868	0.018868	0.037736	0.132075	0.000000	0.000000	0.000000	0.037736	
0.018868	0.000000	0.132075	0.132075	0.018868	0.000000	0.018868	0.018868	0.132075	0.094340	0.037736	0.150943	0.000000	0.018868	0.037736	0.075472	0.037736	0.000000	0.000000	0.075472	
0.000000	0.019231	0.057692	0.153846	0.038462	0.000000	0.000000	0.096154	0.192308	0.038462	0.000000	0.153846	0.019231	0.019231	0.057692	0.019231	0.038462	0.038462	0.000000	0.057692	
0.000000	0.000000	0.076923	0.096154	0.000000	0.038462	0.076923	0.038462	0.153846	0.076923	0.038462	0.211538	0.019231	0.000000	0.038462	0.057692	0.019231	0.019231	0.000000	0.038462	

MOTIF XXXXXX_Y79.9_SXXXXX
letter-probability matrix: alength= 20 w= 13 nsites= 45 E= 7.3e-013
0.044444	0.000000	0.044444	0.088889	0.000000	0.000000	0.000000	0.022222	0.333333	0.044444	0.000000	0.244444	0.000000	0.022222	0.000000	0.044444	0.022222	0.022222	0.000000	0.066667	
0.022222	0.000000	0.022222	0.133333	0.022222	0.022222	0.022222	0.066667	0.177778	0.022222	0.022222	0.177778	0.000000	0.000000	0.044444	0.066667	0.022222	0.088889	0.000000	0.066667	
0.044444	0.000000	0.133333	0.088889	0.000000	0.022222	0.066667	0.022222	0.088889	0.022222	0.000000	0.222222	0.022222	0.022222	0.000000	0.155556	0.044444	0.000000	0.000000	0.044444	
0.022222	0.000000	0.111111	0.088889	0.022222	0.022222	0.022222	0.022222	0.111111	0.088889	0.044444	0.155556	0.000000	0.000000	0.022222	0.066667	0.022222	0.088889	0.000000	0.088889	
0.000000	0.000000	0.177778	0.066667	0.000000	0.000000	0.066667	0.000000	0.022222	0.044444	0.000000	0.111111	0.000000	0.044444	0.088889	0.266667	0.044444	0.044444	0.000000	0.022222	
0.022222	0.000000	0.244444	0.066667	0.044444	0.022222	0.044444	0.044444	0.088889	0.066667	0.000000	0.200000	0.000000	0.044444	0.022222	0.000000	0.022222	0.044444	0.000000	0.022222	
0.000000	0.000000	0.000000	0.000000	0.000000	0.000000	0.000000	0.000000	0.000000	0.000000	0.000000	0.000000	0.000000	0.000000	0.000000	0.000000	0.000000	0.000000	0.000000	1.000000	
0.000000	0.000000	0.000000	0.000000	0.000000	0.000000	0.000000	0.000000	0.000000	0.000000	0.000000	0.000000	0.000000	0.000000	0.000000	1.000000	0.000000	0.000000	0.000000	0.000000	
0.000000	0.000000	0.177778	0.066667	0.066667	0.000000	0.000000	0.000000	0.066667	0.111111	0.022222	0.177778	0.022222	0.022222	0.000000	0.111111	0.066667	0.044444	0.000000	0.044444	
0.022222	0.000000	0.133333	0.177778	0.044444	0.044444	0.022222	0.022222	0.133333	0.000000	0.000000	0.133333	0.000000	0.044444	0.066667	0.111111	0.044444	0.000000	0.000000	0.000000	
0.022222	0.000000	0.177778	0.111111	0.000000	0.022222	0.022222	0.000000	0.200000	0.022222	0.022222	0.177778	0.000000	0.022222	0.022222	0.133333	0.022222	0.000000	0.000000	0.022222	
0.000000	0.000000	0.066667	0.066667	0.066667	0.111111	0.000000	0.088889	0.133333	0.066667	0.022222	0.133333	0.022222	0.044444	0.044444	0.088889	0.022222	0.000000	0.000000	0.022222	
0.000000	0.022222	0.044444	0.155556	0.022222	0.000000	0.022222	0.066667	0.222222	0.044444	0.022222	0.111111	0.022222	0.022222	0.066667	0.066667	0.022222	0.022222	0.000000	0.044444	

MOTIF XXXXXX_Y79.9_XSXXXX
letter-probability matrix: alength= 20 w= 13 nsites= 34 E= 2.3e-008
0.029412	0.000000	0.147059	0.058824	0.058824	0.000000	0.000000	0.058824	0.205882	0.000000	0.058824	0.176471	0.000000	0.000000	0.058824	0.088235	0.000000	0.029412	0.000000	0.029412	
0.029412	0.000000	0.088235	0.000000	0.058824	0.000000	0.000000	0.117647	0.117647	0.029412	0.029412	0.205882	0.000000	0.029412	0.029412	0.117647	0.058824	0.029412	0.000000	0.058824	
0.000000	0.000000	0.058824	0.088235	0.088235	0.029412	0.029412	0.058824	0.029412	0.029412	0.029412	0.264706	0.029412	0.029412	0.058824	0.176471	0.000000	0.000000	0.000000	0.000000	
0.000000	0.000000	0.147059	0.088235	0.058824	0.029412	0.000000	0.029412	0.000000	0.147059	0.029412	0.147059	0.000000	0.000000	0.000000	0.235294	0.029412	0.029412	0.000000	0.029412	
0.029412	0.000000	0.088235	0.088235	0.000000	0.058824	0.029412	0.029412	0.029412	0.058824	0.000000	0.264706	0.029412	0.029412	0.000000	0.176471	0.029412	0.029412	0.000000	0.029412	
0.000000	0.000000	0.088235	0.147059	0.029412	0.029412	0.029412	0.000000	0.088235	0.058824	0.029412	0.235294	0.029412	0.088235	0.029412	0.000000	0.029412	0.029412	0.000000	0.058824	
0.000000	0.000000	0.000000	0.000000	0.000000	0.000000	0.000000	0.000000	0.000000	0.000000	0.000000	0.000000	0.000000	0.000000	0.000000	0.000000	0.000000	0.000000	0.000000	1.000000	
0.029412	0.000000	0.205882	0.058824	0.029412	0.088235	0.058824	0.117647	0.000000	0.058824	0.000000	0.176471	0.058824	0.000000	0.029412	0.000000	0.000000	0.088235	0.000000	0.000000	
0.000000	0.000000	0.000000	0.000000	0.000000	0.000000	0.000000	0.000000	0.000000	0.000000	0.000000	0.000000	0.000000	0.000000	0.000000	1.000000	0.000000	0.000000	0.000000	0.000000	
0.000000	0.000000	0.264706	0.000000	0.029412	0.058824	0.000000	0.029412	0.147059	0.058824	0.029412	0.235294	0.029412	0.000000	0.000000	0.029412	0.029412	0.058824	0.000000	0.000000	
0.000000	0.000000	0.212121	0.060606	0.000000	0.000000	0.090909	0.000000	0.090909	0.030303	0.030303	0.181818	0.030303	0.060606	0.060606	0.030303	0.060606	0.000000	0.000000	0.060606	
0.030303	0.000000	0.090909	0.151515	0.030303	0.060606	0.060606	0.000000	0.151515	0.030303	0.000000	0.181818	0.000000	0.000000	0.000000	0.121212	0.030303	0.030303	0.000000	0.030303	
0.000000	0.000000	0.181818	0.090909	0.030303	0.000000	0.000000	0.030303	0.151515	0.090909	0.000000	0.121212	0.000000	0.000000	0.060606	0.121212	0.030303	0.030303	0.000000	0.060606	

MOTIF XXXXSX_Y79.9_XXXXXX
letter-probability matrix: alength= 20 w= 13 nsites= 26 E= 1.1e-007
0.000000	0.038462	0.076923	0.000000	0.000000	0.038462	0.000000	0.038462	0.230769	0.038462	0.000000	0.307692	0.000000	0.000000	0.038462	0.038462	0.038462	0.000000	0.000000	0.115385	
0.000000	0.000000	0.192308	0.000000	0.038462	0.038462	0.000000	0.000000	0.307692	0.038462	0.000000	0.076923	0.000000	0.000000	0.038462	0.230769	0.038462	0.000000	0.000000	0.000000	
0.000000	0.000000	0.115385	0.076923	0.076923	0.000000	0.038462	0.000000	0.115385	0.038462	0.000000	0.115385	0.038462	0.076923	0.038462	0.192308	0.000000	0.000000	0.000000	0.076923	
0.000000	0.038462	0.192308	0.038462	0.000000	0.153846	0.038462	0.000000	0.038462	0.153846	0.038462	0.230769	0.000000	0.000000	0.000000	0.000000	0.038462	0.000000	0.000000	0.038462	
0.000000	0.000000	0.000000	0.000000	0.000000	0.000000	0.000000	0.000000	0.000000	0.000000	0.000000	0.000000	0.000000	0.000000	0.000000	1.000000	0.000000	0.000000	0.000000	0.000000	
0.038462	0.000000	0.307692	0.038462	0.076923	0.000000	0.000000	0.076923	0.000000	0.038462	0.000000	0.230769	0.115385	0.038462	0.000000	0.000000	0.038462	0.000000	0.000000	0.000000	
0.000000	0.000000	0.000000	0.000000	0.000000	0.000000	0.000000	0.000000	0.000000	0.000000	0.000000	0.000000	0.000000	0.000000	0.000000	0.000000	0.000000	0.000000	0.000000	1.000000	
0.000000	0.000000	0.269231	0.230769	0.076923	0.000000	0.038462	0.115385	0.038462	0.038462	0.076923	0.076923	0.000000	0.000000	0.000000	0.000000	0.000000	0.000000	0.000000	0.038462	
0.000000	0.000000	0.307692	0.038462	0.000000	0.000000	0.038462	0.038462	0.076923	0.038462	0.038462	0.230769	0.038462	0.000000	0.038462	0.000000	0.076923	0.000000	0.000000	0.038462	
0.076923	0.000000	0.076923	0.192308	0.000000	0.000000	0.076923	0.000000	0.038462	0.000000	0.000000	0.153846	0.000000	0.000000	0.038462	0.153846	0.076923	0.000000	0.000000	0.115385	
0.000000	0.000000	0.192308	0.153846	0.000000	0.000000	0.000000	0.038462	0.153846	0.000000	0.000000	0.230769	0.000000	0.000000	0.038462	0.153846	0.000000	0.000000	0.000000	0.038462	
0.038462	0.000000	0.115385	0.076923	0.000000	0.076923	0.000000	0.000000	0.192308	0.038462	0.000000	0.307692	0.000000	0.000000	0.000000	0.076923	0.000000	0.076923	0.000000	0.000000	
0.000000	0.000000	0.153846	0.115385	0.038462	0.000000	0.000000	0.000000	0.230769	0.038462	0.038462	0.230769	0.000000	0.000000	0.000000	0.038462	0.038462	0.000000	0.000000	0.076923	

MOTIF XXSXXX_Y79.9_XXXXXX
letter-probability matrix: alength= 20 w= 13 nsites= 21 E= 1.0e-005
0.000000	0.000000	0.095238	0.095238	0.000000	0.000000	0.095238	0.047619	0.190476	0.047619	0.000000	0.095238	0.047619	0.000000	0.047619	0.095238	0.000000	0.047619	0.000000	0.095238	
0.047619	0.000000	0.095238	0.047619	0.047619	0.047619	0.047619	0.047619	0.000000	0.000000	0.000000	0.238095	0.047619	0.047619	0.000000	0.238095	0.000000	0.047619	0.000000	0.000000	
0.000000	0.000000	0.000000	0.000000	0.000000	0.000000	0.000000	0.000000	0.000000	0.000000	0.000000	0.000000	0.000000	0.000000	0.000000	1.000000	0.000000	0.000000	0.000000	0.000000	
0.047619	0.000000	0.190476	0.095238	0.000000	0.000000	0.095238	0.047619	0.047619	0.000000	0.000000	0.142857	0.000000	0.000000	0.000000	0.285714	0.000000	0.000000	0.000000	0.047619	
0.000000	0.047619	0.285714	0.142857	0.142857	0.000000	0.047619	0.000000	0.000000	0.000000	0.000000	0.142857	0.000000	0.095238	0.047619	0.000000	0.000000	0.047619	0.000000	0.000000	
0.095238	0.000000	0.047619	0.285714	0.000000	0.047619	0.000000	0.047619	0.095238	0.142857	0.000000	0.095238	0.000000	0.000000	0.000000	0.000000	0.047619	0.047619	0.000000	0.047619	
0.000000	0.000000	0.000000	0.000000	0.000000	0.000000	0.000000	0.000000	0.000000	0.000000	0.000000	0.000000	0.000000	0.000000	0.000000	0.000000	0.000000	0.000000	0.000000	1.000000	
0.000000	0.000000	0.047619	0.238095	0.047619	0.000000	0.047619	0.095238	0.142857	0.047619	0.000000	0.095238	0.000000	0.095238	0.095238	0.000000	0.000000	0.047619	0.000000	0.000000	
0.000000	0.000000	0.095238	0.142857	0.047619	0.047619	0.047619	0.000000	0.047619	0.095238	0.000000	0.333333	0.095238	0.000000	0.000000	0.000000	0.047619	0.000000	0.000000	0.000000	
0.047619	0.000000	0.190476	0.095238	0.047619	0.000000	0.047619	0.047619	0.047619	0.095238	0.000000	0.047619	0.000000	0.000000	0.000000	0.190476	0.047619	0.047619	0.000000	0.047619	
0.047619	0.000000	0.142857	0.190476	0.047619	0.047619	0.047619	0.000000	0.095238	0.000000	0.000000	0.142857	0.000000	0.095238	0.047619	0.095238	0.000000	0.000000	0.000000	0.000000	
0.000000	0.000000	0.095238	0.047619	0.000000	0.047619	0.047619	0.000000	0.285714	0.047619	0.000000	0.238095	0.000000	0.047619	0.000000	0.095238	0.000000	0.047619	0.000000	0.000000	
0.000000	0.000000	0.190476	0.047619	0.000000	0.047619	0.000000	0.000000	0.190476	0.000000	0.000000	0.285714	0.000000	0.047619	0.000000	0.095238	0.000000	0.047619	0.000000	0.047619	

MOTIF XXXXXX_T79.9_DXXXXX
letter-probability matrix: alength= 20 w= 13 nsites= 100 E= 7.4e-024
0.020000	0.010000	0.110000	0.080000	0.030000	0.000000	0.010000	0.090000	0.190000	0.020000	0.050000	0.100000	0.020000	0.060000	0.020000	0.060000	0.040000	0.040000	0.000000	0.050000	
0.010000	0.010000	0.090000	0.140000	0.040000	0.050000	0.040000	0.070000	0.150000	0.060000	0.000000	0.140000	0.000000	0.010000	0.060000	0.030000	0.070000	0.020000	0.000000	0.010000	
0.010000	0.000000	0.060000	0.140000	0.030000	0.050000	0.000000	0.050000	0.180000	0.050000	0.010000	0.100000	0.010000	0.050000	0.040000	0.120000	0.030000	0.010000	0.010000	0.050000	
0.000000	0.000000	0.070000	0.120000	0.020000	0.030000	0.020000	0.040000	0.150000	0.020000	0.020000	0.210000	0.010000	0.010000	0.050000	0.130000	0.010000	0.040000	0.000000	0.050000	
0.020000	0.000000	0.100000	0.140000	0.010000	0.010000	0.020000	0.140000	0.050000	0.050000	0.010000	0.160000	0.010000	0.050000	0.000000	0.110000	0.010000	0.050000	0.000000	0.060000	
0.040000	0.000000	0.200000	0.070000	0.030000	0.050000	0.020000	0.040000	0.050000	0.080000	0.010000	0.150000	0.020000	0.010000	0.020000	0.080000	0.040000	0.040000	0.020000	0.030000	
0.000000	0.000000	0.000000	0.000000	0.000000	0.000000	0.000000	0.000000	0.000000	0.000000	0.000000	0.000000	0.000000	0.000000	0.000000	0.000000	1.000000	0.000000	0.000000	0.000000	
0.000000	0.000000	1.000000	0.000000	0.000000	0.000000	0.000000	0.000000	0.000000	0.000000	0.000000	0.000000	0.000000	0.000000	0.000000	0.000000	0.000000	0.000000	0.000000	0.000000	
0.030000	0.000000	0.250000	0.160000	0.010000	0.020000	0.010000	0.040000	0.040000	0.040000	0.030000	0.160000	0.030000	0.020000	0.020000	0.070000	0.010000	0.040000	0.000000	0.020000	
0.010000	0.000000	0.170000	0.240000	0.040000	0.020000	0.030000	0.040000	0.050000	0.050000	0.030000	0.150000	0.000000	0.010000	0.000000	0.070000	0.030000	0.040000	0.000000	0.020000	
0.020000	0.000000	0.110000	0.160000	0.010000	0.010000	0.030000	0.090000	0.130000	0.050000	0.030000	0.120000	0.010000	0.020000	0.010000	0.070000	0.040000	0.050000	0.000000	0.040000	
0.030000	0.000000	0.080000	0.130000	0.040000	0.020000	0.010000	0.100000	0.180000	0.030000	0.010000	0.130000	0.010000	0.040000	0.030000	0.060000	0.060000	0.010000	0.000000	0.030000	
0.010000	0.010000	0.090000	0.100000	0.020000	0.010000	0.010000	0.030000	0.190000	0.040000	0.010000	0.220000	0.010000	0.010000	0.060000	0.030000	0.060000	0.030000	0.000000	0.060000	

MOTIF XXXXXX_T79.9_XXEXXX
letter-probability matrix: alength= 20 w= 13 nsites= 79 E= 2.5e-011
0.012658	0.000000	0.037975	0.063291	0.000000	0.012658	0.037975	0.075949	0.202532	0.063291	0.025316	0.227848	0.012658	0.050633	0.037975	0.050633	0.000000	0.037975	0.000000	0.050633	
0.000000	0.012658	0.075949	0.075949	0.063291	0.025316	0.050633	0.063291	0.088608	0.075949	0.000000	0.164557	0.050633	0.012658	0.050633	0.139241	0.000000	0.012658	0.000000	0.037975	
0.000000	0.000000	0.088608	0.088608	0.000000	0.025316	0.025316	0.050633	0.151899	0.126582	0.000000	0.139241	0.000000	0.012658	0.037975	0.101266	0.037975	0.063291	0.012658	0.037975	
0.025316	0.000000	0.177215	0.113924	0.000000	0.025316	0.025316	0.037975	0.088608	0.025316	0.012658	0.063291	0.000000	0.037975	0.088608	0.126582	0.012658	0.075949	0.000000	0.063291	
0.037975	0.000000	0.126582	0.126582	0.025316	0.037975	0.025316	0.088608	0.012658	0.063291	0.025316	0.151899	0.025316	0.012658	0.000000	0.113924	0.075949	0.025316	0.000000	0.025316	
0.025316	0.000000	0.139241	0.088608	0.025316	0.037975	0.063291	0.101266	0.000000	0.088608	0.025316	0.164557	0.012658	0.025316	0.000000	0.101266	0.037975	0.037975	0.000000	0.025316	
0.000000	0.000000	0.000000	0.000000	0.000000	0.000000	0.000000	0.000000	0.000000	0.000000	0.000000	0.000000	0.000000	0.000000	0.000000	0.000000	1.000000	0.000000	0.000000	0.000000	
0.012658	0.000000	0.000000	0.164557	0.050633	0.025316	0.037975	0.050633	0.037975	0.063291	0.000000	0.240506	0.037975	0.000000	0.000000	0.215190	0.000000	0.025316	0.000000	0.037975	
0.000000	0.000000	0.253165	0.189873	0.025316	0.025316	0.000000	0.037975	0.037975	0.012658	0.000000	0.151899	0.012658	0.000000	0.037975	0.126582	0.050633	0.025316	0.000000	0.012658	
0.000000	0.000000	0.000000	1.000000	0.000000	0.000000	0.000000	0.000000	0.000000	0.000000	0.000000	0.000000	0.000000	0.000000	0.000000	0.000000	0.000000	0.000000	0.000000	0.000000	
0.012658	0.000000	0.164557	0.202532	0.012658	0.000000	0.000000	0.088608	0.126582	0.063291	0.000000	0.139241	0.012658	0.037975	0.037975	0.000000	0.063291	0.025316	0.000000	0.012658	
0.050633	0.000000	0.139241	0.177215	0.012658	0.025316	0.025316	0.088608	0.050633	0.063291	0.012658	0.113924	0.000000	0.012658	0.012658	0.063291	0.037975	0.037975	0.000000	0.075949	
0.025316	0.000000	0.126582	0.113924	0.037975	0.000000	0.025316	0.037975	0.227848	0.037975	0.000000	0.151899	0.063291	0.000000	0.025316	0.025316	0.012658	0.037975	0.000000	0.050633	

MOTIF XXXXXS_T79.9_XXXXXX
letter-probability matrix: alength= 20 w= 13 nsites= 62 E= 6.9e-009
0.016129	0.000000	0.096774	0.032258	0.064516	0.032258	0.016129	0.016129	0.161290	0.112903	0.000000	0.129032	0.000000	0.016129	0.048387	0.129032	0.096774	0.016129	0.000000	0.016129	
0.064516	0.000000	0.016129	0.080645	0.016129	0.096774	0.016129	0.129032	0.112903	0.080645	0.016129	0.048387	0.032258	0.064516	0.032258	0.032258	0.080645	0.016129	0.000000	0.064516	
0.032258	0.000000	0.096774	0.080645	0.048387	0.016129	0.000000	0.048387	0.129032	0.032258	0.000000	0.145161	0.000000	0.000000	0.080645	0.225806	0.032258	0.000000	0.000000	0.032258	
0.032258	0.000000	0.064516	0.112903	0.048387	0.000000	0.048387	0.048387	0.080645	0.048387	0.000000	0.161290	0.000000	0.016129	0.064516	0.161290	0.080645	0.032258	0.000000	0.000000	
0.129032	0.000000	0.129032	0.064516	0.016129	0.080645	0.000000	0.032258	0.080645	0.048387	0.016129	0.145161	0.080645	0.016129	0.000000	0.096774	0.016129	0.032258	0.000000	0.016129	
0.000000	0.000000	0.000000	0.000000	0.000000	0.000000	0.000000	0.000000	0.000000	0.000000	0.000000	0.000000	0.000000	0.000000	0.000000	1.000000	0.000000	0.000000	0.000000	0.000000	
0.000000	0.000000	0.000000	0.000000	0.000000	0.000000	0.000000	0.000000	0.000000	0.000000	0.000000	0.000000	0.000000	0.000000	0.000000	0.000000	1.000000	0.000000	0.000000	0.000000	
0.080645	0.000000	0.000000	0.032258	0.080645	0.032258	0.016129	0.080645	0.032258	0.145161	0.000000	0.161290	0.064516	0.032258	0.016129	0.064516	0.064516	0.064516	0.000000	0.032258	
0.032258	0.000000	0.112903	0.096774	0.016129	0.048387	0.000000	0.016129	0.048387	0.048387	0.000000	0.129032	0.064516	0.000000	0.080645	0.209677	0.048387	0.048387	0.000000	0.000000	
0.032258	0.000000	0.080645	0.000000	0.064516	0.096774	0.016129	0.032258	0.161290	0.064516	0.000000	0.064516	0.000000	0.032258	0.048387	0.161290	0.080645	0.048387	0.000000	0.016129	
0.064516	0.000000	0.080645	0.096774	0.016129	0.016129	0.000000	0.112903	0.064516	0.080645	0.000000	0.080645	0.016129	0.016129	0.064516	0.112903	0.064516	0.080645	0.000000	0.032258	
0.032258	0.000000	0.080645	0.064516	0.032258	0.000000	0.032258	0.016129	0.096774	0.032258	0.032258	0.145161	0.048387	0.016129	0.096774	0.161290	0.048387	0.048387	0.000000	0.016129	
0.032258	0.000000	0.064516	0.048387	0.032258	0.016129	0.016129	0.064516	0.225806	0.048387	0.016129	0.145161	0.016129	0.000000	0.048387	0.080645	0.080645	0.048387	0.000000	0.016129	

MOTIF XXXXSX_T79.9_XXXXXX
letter-probability matrix: alength= 20 w= 13 nsites= 42 E= 1.6e-005
0.023810	0.000000	0.047619	0.214286	0.000000	0.047619	0.047619	0.000000	0.119048	0.023810	0.023810	0.119048	0.023810	0.023810	0.119048	0.095238	0.047619	0.023810	0.000000	0.000000	
0.023810	0.000000	0.000000	0.023810	0.071429	0.047619	0.000000	0.023810	0.261905	0.023810	0.000000	0.071429	0.023810	0.023810	0.142857	0.119048	0.071429	0.000000	0.000000	0.071429	
0.023810	0.000000	0.047619	0.095238	0.095238	0.023810	0.000000	0.023810	0.119048	0.119048	0.023810	0.095238	0.047619	0.047619	0.047619	0.119048	0.023810	0.000000	0.000000	0.047619	
0.023810	0.000000	0.071429	0.119048	0.023810	0.095238	0.000000	0.166667	0.142857	0.095238	0.000000	0.071429	0.023810	0.000000	0.023810	0.095238	0.023810	0.023810	0.000000	0.000000	
0.000000	0.000000	0.000000	0.000000	0.000000	0.000000	0.000000	0.000000	0.000000	0.000000	0.000000	0.000000	0.000000	0.000000	0.000000	1.000000	0.000000	0.000000	0.000000	0.000000	
0.023810	0.000000	0.047619	0.047619	0.142857	0.000000	0.023810	0.071429	0.000000	0.119048	0.000000	0.238095	0.047619	0.071429	0.000000	0.000000	0.000000	0.119048	0.000000	0.047619	
0.000000	0.000000	0.000000	0.000000	0.000000	0.000000	0.000000	0.000000	0.000000	0.000000	0.000000	0.000000	0.000000	0.000000	0.000000	0.000000	1.000000	0.000000	0.000000	0.000000	
0.000000	0.000000	0.000000	0.121951	0.073171	0.000000	0.048780	0.073171	0.000000	0.024390	0.024390	0.073171	0.146341	0.048780	0.024390	0.292683	0.024390	0.024390	0.000000	0.000000	
0.025000	0.000000	0.100000	0.125000	0.000000	0.025000	0.025000	0.050000	0.100000	0.000000	0.025000	0.150000	0.025000	0.025000	0.050000	0.200000	0.000000	0.050000	0.000000	0.025000	
0.051282	0.000000	0.179487	0.000000	0.025641	0.000000	0.025641	0.076923	0.128205	0.051282	0.051282	0.102564	0.025641	0.000000	0.051282	0.102564	0.051282	0.025641	0.025641	0.025641	
0.000000	0.000000	0.153846	0.128205	0.025641	0.025641	0.025641	0.051282	0.179487	0.076923	0.025641	0.102564	0.000000	0.025641	0.000000	0.051282	0.025641	0.076923	0.000000	0.025641	
0.000000	0.000000	0.076923	0.102564	0.025641	0.076923	0.025641	0.051282	0.102564	0.025641	0.000000	0.205128	0.000000	0.025641	0.128205	0.051282	0.025641	0.051282	0.000000	0.025641	
0.000000	0.000000	0.051282	0.128205	0.025641	0.025641	0.025641	0.000000	0.128205	0.025641	0.025641	0.282051	0.025641	0.025641	0.051282	0.025641	0.025641	0.025641	0.025641	0.076923	

MOTIF XXXXDX_T79.9_XXXXXX
letter-probability matrix: alength= 20 w= 13 nsites= 43 E= 1.1e-005
0.000000	0.023256	0.093023	0.162791	0.000000	0.023256	0.023256	0.116279	0.093023	0.046512	0.000000	0.162791	0.023256	0.046512	0.023256	0.139535	0.000000	0.023256	0.000000	0.000000	
0.023256	0.000000	0.046512	0.093023	0.046512	0.046512	0.000000	0.046512	0.093023	0.116279	0.046512	0.186047	0.000000	0.046512	0.000000	0.069767	0.069767	0.000000	0.000000	0.069767	
0.046512	0.000000	0.186047	0.186047	0.046512	0.000000	0.023256	0.023256	0.116279	0.069767	0.000000	0.139535	0.000000	0.023256	0.000000	0.069767	0.023256	0.000000	0.000000	0.046512	
0.046512	0.000000	0.139535	0.116279	0.000000	0.023256	0.000000	0.046512	0.023256	0.116279	0.023256	0.116279	0.000000	0.000000	0.046512	0.186047	0.069767	0.046512	0.000000	0.000000	
0.000000	0.000000	1.000000	0.000000	0.000000	0.000000	0.000000	0.000000	0.000000	0.000000	0.000000	0.000000	0.000000	0.000000	0.000000	0.000000	0.000000	0.000000	0.000000	0.000000	
0.023256	0.000000	0.209302	0.046512	0.000000	0.023256	0.023256	0.046512	0.023256	0.046512	0.000000	0.348837	0.000000	0.023256	0.000000	0.000000	0.046512	0.139535	0.000000	0.000000	
0.000000	0.000000	0.000000	0.000000	0.000000	0.000000	0.000000	0.000000	0.000000	0.000000	0.000000	0.000000	0.000000	0.000000	0.000000	0.000000	1.000000	0.000000	0.000000	0.000000	
0.023256	0.000000	0.000000	0.162791	0.046512	0.023256	0.000000	0.023256	0.023256	0.116279	0.000000	0.162791	0.069767	0.023256	0.023256	0.139535	0.069767	0.023256	0.000000	0.069767	
0.000000	0.000000	0.116279	0.186047	0.000000	0.023256	0.023256	0.046512	0.023256	0.046512	0.023256	0.046512	0.023256	0.023256	0.069767	0.116279	0.069767	0.116279	0.000000	0.046512	
0.023256	0.000000	0.186047	0.000000	0.023256	0.069767	0.046512	0.046512	0.139535	0.046512	0.023256	0.139535	0.023256	0.046512	0.046512	0.093023	0.023256	0.023256	0.000000	0.000000	
0.046512	0.000000	0.139535	0.116279	0.023256	0.023256	0.023256	0.023256	0.069767	0.069767	0.023256	0.069767	0.000000	0.000000	0.046512	0.139535	0.046512	0.069767	0.000000	0.069767	
0.069767	0.000000	0.116279	0.069767	0.046512	0.000000	0.046512	0.046512	0.116279	0.069767	0.000000	0.116279	0.000000	0.000000	0.046512	0.116279	0.023256	0.023256	0.000000	0.093023	
0.023256	0.000000	0.139535	0.116279	0.000000	0.000000	0.046512	0.023256	0.162791	0.116279	0.023256	0.069767	0.023256	0.000000	0.093023	0.116279	0.023256	0.000000	0.000000	0.023256	

MOTIF XXXXXX_T79.9_XDXXXX
letter-probability matrix: alength= 20 w= 13 nsites= 30 E= 6.0e-004
0.000000	0.000000	0.100000	0.133333	0.033333	0.000000	0.066667	0.066667	0.033333	0.000000	0.033333	0.200000	0.000000	0.000000	0.033333	0.100000	0.133333	0.066667	0.000000	0.000000	
0.000000	0.033333	0.100000	0.066667	0.000000	0.066667	0.000000	0.100000	0.100000	0.100000	0.033333	0.066667	0.000000	0.033333	0.000000	0.133333	0.000000	0.100000	0.000000	0.066667	
0.066667	0.000000	0.133333	0.066667	0.000000	0.033333	0.000000	0.066667	0.166667	0.033333	0.066667	0.133333	0.033333	0.000000	0.033333	0.066667	0.000000	0.066667	0.000000	0.033333	
0.000000	0.000000	0.100000	0.100000	0.033333	0.000000	0.033333	0.033333	0.166667	0.066667	0.000000	0.066667	0.033333	0.066667	0.100000	0.066667	0.100000	0.000000	0.000000	0.033333	
0.000000	0.000000	0.000000	0.133333	0.033333	0.066667	0.066667	0.133333	0.066667	0.000000	0.000000	0.366667	0.000000	0.066667	0.000000	0.000000	0.033333	0.033333	0.000000	0.000000	
0.000000	0.000000	0.100000	0.133333	0.033333	0.000000	0.066667	0.100000	0.166667	0.033333	0.000000	0.300000	0.000000	0.000000	0.000000	0.000000	0.000000	0.066667	0.000000	0.000000	
0.000000	0.000000	0.000000	0.000000	0.000000	0.000000	0.000000	0.000000	0.000000	0.000000	0.000000	0.000000	0.000000	0.000000	0.000000	0.000000	1.000000	0.000000	0.000000	0.000000	
0.100000	0.000000	0.000000	0.000000	0.066667	0.066667	0.033333	0.000000	0.000000	0.133333	0.000000	0.300000	0.000000	0.000000	0.000000	0.066667	0.066667	0.100000	0.000000	0.066667	
0.000000	0.000000	1.000000	0.000000	0.000000	0.000000	0.000000	0.000000	0.000000	0.000000	0.000000	0.000000	0.000000	0.000000	0.000000	0.000000	0.000000	0.000000	0.000000	0.000000	
0.000000	0.000000	0.233333	0.000000	0.066667	0.000000	0.033333	0.066667	0.066667	0.066667	0.000000	0.166667	0.000000	0.000000	0.000000	0.133333	0.033333	0.066667	0.000000	0.066667	
0.033333	0.000000	0.100000	0.233333	0.000000	0.000000	0.000000	0.100000	0.100000	0.000000	0.000000	0.266667	0.000000	0.000000	0.000000	0.066667	0.033333	0.000000	0.000000	0.066667	
0.000000	0.000000	0.100000	0.100000	0.000000	0.000000	0.000000	0.000000	0.233333	0.066667	0.033333	0.133333	0.033333	0.066667	0.000000	0.200000	0.000000	0.000000	0.000000	0.033333	
0.000000	0.000000	0.000000	0.200000	0.033333	0.000000	0.000000	0.033333	0.133333	0.066667	0.000000	0.266667	0.000000	0.033333	0.000000	0.100000	0.066667	0.033333	0.000000	0.033333	

MOTIF XXXXXX_T79.9_XEXXXX
letter-probability matrix: alength= 20 w= 13 nsites= 36 E= 1.2e-004
0.027778	0.000000	0.111111	0.166667	0.027778	0.000000	0.000000	0.027778	0.111111	0.027778	0.000000	0.194444	0.000000	0.027778	0.055556	0.111111	0.055556	0.000000	0.000000	0.055556	
0.000000	0.000000	0.138889	0.111111	0.027778	0.000000	0.055556	0.138889	0.111111	0.111111	0.000000	0.083333	0.000000	0.000000	0.055556	0.000000	0.111111	0.027778	0.000000	0.027778	
0.000000	0.000000	0.111111	0.138889	0.027778	0.000000	0.027778	0.083333	0.111111	0.138889	0.027778	0.055556	0.027778	0.027778	0.027778	0.083333	0.027778	0.027778	0.000000	0.055556	
0.027778	0.000000	0.111111	0.138889	0.000000	0.027778	0.000000	0.000000	0.138889	0.083333	0.000000	0.138889	0.000000	0.027778	0.055556	0.083333	0.138889	0.000000	0.000000	0.027778	
0.055556	0.000000	0.000000	0.194444	0.000000	0.027778	0.027778	0.027778	0.055556	0.166667	0.027778	0.138889	0.027778	0.027778	0.000000	0.000000	0.111111	0.055556	0.000000	0.055556	
0.055556	0.000000	0.138889	0.111111	0.000000	0.000000	0.055556	0.111111	0.027778	0.055556	0.000000	0.166667	0.055556	0.027778	0.055556	0.000000	0.027778	0.055556	0.000000	0.055556	
0.000000	0.000000	0.000000	0.000000	0.000000	0.000000	0.000000	0.000000	0.000000	0.000000	0.000000	0.000000	0.000000	0.000000	0.000000	0.000000	1.000000	0.000000	0.000000	0.000000	
0.000000	0.000000	0.000000	0.138889	0.055556	0.027778	0.055556	0.000000	0.027778	0.027778	0.027778	0.166667	0.027778	0.111111	0.027778	0.194444	0.027778	0.055556	0.000000	0.027778	
0.000000	0.000000	0.000000	1.000000	0.000000	0.000000	0.000000	0.000000	0.000000	0.000000	0.000000	0.000000	0.000000	0.000000	0.000000	0.000000	0.000000	0.000000	0.000000	0.000000	
0.027778	0.000000	0.166667	0.000000	0.083333	0.027778	0.055556	0.027778	0.083333	0.055556	0.027778	0.166667	0.000000	0.027778	0.055556	0.111111	0.027778	0.027778	0.000000	0.027778	
0.027778	0.000000	0.194444	0.194444	0.000000	0.027778	0.027778	0.055556	0.027778	0.055556	0.000000	0.166667	0.000000	0.083333	0.000000	0.083333	0.000000	0.000000	0.000000	0.055556	
0.000000	0.000000	0.138889	0.138889	0.027778	0.000000	0.027778	0.083333	0.250000	0.055556	0.000000	0.055556	0.000000	0.000000	0.000000	0.083333	0.055556	0.000000	0.000000	0.083333	
0.000000	0.000000	0.138889	0.138889	0.055556	0.000000	0.027778	0.138889	0.138889	0.055556	0.027778	0.000000	0.000000	0.027778	0.055556	0.138889	0.027778	0.000000	0.000000	0.027778	

MOTIF XXXXXX_T79.9_XSXXXX
letter-probability matrix: alength= 20 w= 13 nsites= 28 E= 2.6e-004
0.000000	0.000000	0.107143	0.142857	0.000000	0.107143	0.000000	0.035714	0.035714	0.071429	0.000000	0.214286	0.000000	0.000000	0.035714	0.071429	0.071429	0.035714	0.000000	0.071429	
0.000000	0.000000	0.107143	0.071429	0.071429	0.035714	0.000000	0.071429	0.071429	0.142857	0.000000	0.107143	0.000000	0.000000	0.071429	0.071429	0.000000	0.035714	0.000000	0.142857	
0.000000	0.000000	0.071429	0.035714	0.035714	0.035714	0.000000	0.035714	0.250000	0.035714	0.000000	0.107143	0.000000	0.035714	0.035714	0.107143	0.071429	0.035714	0.000000	0.107143	
0.000000	0.000000	0.107143	0.142857	0.000000	0.035714	0.000000	0.107143	0.000000	0.142857	0.035714	0.142857	0.000000	0.035714	0.035714	0.107143	0.035714	0.071429	0.000000	0.000000	
0.000000	0.000000	0.000000	0.178571	0.035714	0.035714	0.035714	0.107143	0.142857	0.000000	0.000000	0.250000	0.000000	0.000000	0.035714	0.000000	0.000000	0.071429	0.000000	0.107143	
0.035714	0.000000	0.214286	0.178571	0.000000	0.035714	0.035714	0.035714	0.107143	0.000000	0.035714	0.107143	0.000000	0.035714	0.142857	0.000000	0.035714	0.000000	0.000000	0.000000	
0.000000	0.000000	0.000000	0.000000	0.000000	0.000000	0.000000	0.000000	0.000000	0.000000	0.000000	0.000000	0.000000	0.000000	0.000000	0.000000	1.000000	0.000000	0.000000	0.000000	
0.000000	0.000000	0.000000	0.071429	0.035714	0.000000	0.035714	0.142857	0.035714	0.142857	0.000000	0.357143	0.071429	0.000000	0.000000	0.071429	0.000000	0.035714	0.000000	0.000000	
0.000000	0.000000	0.000000	0.000000	0.000000	0.000000	0.000000	0.000000	0.000000	0.000000	0.000000	0.000000	0.000000	0.000000	0.000000	1.000000	0.000000	0.000000	0.000000	0.000000	
0.000000	0.000000	0.214286	0.000000	0.071429	0.035714	0.000000	0.071429	0.107143	0.178571	0.000000	0.107143	0.000000	0.035714	0.000000	0.071429	0.035714	0.071429	0.000000	0.000000	
0.142857	0.000000	0.142857	0.142857	0.035714	0.000000	0.000000	0.071429	0.107143	0.000000	0.035714	0.142857	0.035714	0.000000	0.035714	0.035714	0.035714	0.000000	0.000000	0.035714	
0.000000	0.000000	0.178571	0.035714	0.000000	0.035714	0.071429	0.071429	0.142857	0.071429	0.000000	0.178571	0.035714	0.000000	0.035714	0.000000	0.000000	0.035714	0.000000	0.107143	
0.035714	0.000000	0.107143	0.214286	0.035714	0.000000	0.000000	0.142857	0.035714	0.035714	0.035714	0.107143	0.000000	0.035714	0.035714	0.071429	0.035714	0.071429	0.000000	0.000000	

